Selling Price,Brand,Model,Trim / Edition,Year of Manufacture,Condition,Transmission,Body type,Fuel type,Engine capacity,Mileage
4900000.0,DFSK,Glory,330,2018,Used,Manual,MPV,Petrol,1500.0,90000.0
29500000.0,Land Rover,Range Rover Velar,R Dynamic,2018,Used,Automatic,SUV / 4x4,Diesel,1990.0,127000.0
47000000.0,Mercedes Benz,S500,S500 PLUS HYBRID,2015,Used,Tiptronic,Saloon,Petrol,2996.0,112000.0
4000000.0,Suzuki,A-Star,,2012,Used,Manual,Hatchback,Petrol,1000.0,120000.0
9450000.0,Honda,Grace,EX,2017,Used,Automatic,,Hybrid,1500.0,142098.0
3850000.0,Maruti Suzuki,Alto,Japan,2004,Used,Automatic,Hatchback,Petrol,650.0,159465.0
6500000.0,Toyota,Vitz,,2007,Used,Automatic,Hatchback,Petrol,1000.0,115000.0
2950000.0,Toyota,Corolla,CE 108,1997,Used,Automatic,Station wagon,Diesel,2000.0,330000.0
2375000.0,Chery,QQ,,2007,Used,Automatic,Hatchback,Petrol,812.0,89370.0
14300000.0,Mitsubishi,Outlander,PHEV G Navi,2015,Used,Automatic,SUV / 4x4,Hybrid,1990.0,124000.0
4350000.0,Nissan,Sunny,Nissan Sunny N16,2007,Used,Manual,Saloon,Petrol,1300.0,172000.0
39500000.0,Land Rover,Discovery,5 Diesel,2020,Used,Tiptronic,SUV / 4x4,Diesel,2000.0,104000.0
2650000.0,Toyota,Other Model,HIACE,1984,Used,Manual,,Diesel,2400.0,200000.0
2695000.0,Tata,Indica,XETA OLX,2015,Used,Manual,Hatchback,Petrol,1193.0,101000.0
6799000.0,Suzuki,Wagon R,Stingray,2018,Used,Automatic,Hatchback,Petrol,660.0,55000.0
8700000.0,MG,ZS,Fully loaded ,2019,Used,Automatic,SUV / 4x4,Petrol,999.0,103000.0
10740000.0,Toyota,Premio,,2013,Used,Automatic,Saloon,Petrol,1500.0,200000.0
25000000.0,Toyota,Fortuner,Facelift,2017,Used,Tiptronic,SUV / 4x4,Petrol,2700.0,19000.0
16500000.0,Chrysler,300,V6 3600CC,2013,Used,Automatic,Saloon,Petrol,3600.0,107000.0
2995000.0,Micro,Panda,Micro,2012,Used,Manual,Hatchback,Petrol,1000.0,98656.0
5000000.0,Suzuki,Swift,Center Antena,2005,Used,Manual,Hatchback,Petrol,1300.0,123900.0
3600000.0,Renault,KWID,,2016,Used,Manual,Hatchback,Petrol,800.0,38500.0
11600000.0,DFSK,Glory,DFSK 2023 I Auto,2023,Used,Automatic,SUV / 4x4,Petrol,1500.0,35000.0
2095000.0,Suzuki,Maruti,800,2006,Used,Manual,Saloon,Petrol,800.0,15935.0
4250000.0,Suzuki,Swift,,2004,Used,Automatic,Hatchback,Petrol,1300.0,165000.0
5800000.0,Suzuki,Wagon R FX,,2015,Used,Automatic,Hatchback,Petrol,660.0,98000.0
10800000.0,BMW,320i,LCI,2011,Used,Automatic,Saloon,Petrol,2000.0,62000.0
2495000.0,Suzuki,Maruti,800,2011,Used,Manual,Hatchback,Petrol,800.0,29970.0
6500000.0,Suzuki,Wagon R FZ,Non Safety,2017,Used,Automatic,Hatchback,Hybrid,650.0,96000.0
8950000.0,Honda,Grace,Ex 2015,2015,Used,Automatic,Saloon,Hybrid,1500.0,196500.0
2000000.0,Nissan,Pulsar,,1993,Used,Manual,,Petrol,1490.0,375000.0
3900000.0,Hyundai,Eon,Magna Plus,2015,Used,Manual,Hatchback,Petrol,800.0,87500.0
4900000.0,BMW,520i,E34,1988,Used,Manual,Saloon,Petrol,2000.0,115000.0
5950000.0,Toyota,Belta,2007,2007,Used,Automatic,Saloon,Petrol,1300.0,176000.0
13500000.0,Audi,Q2,S - LINE,2018,Used,Tiptronic,Hatchback,Petrol,1000.0,55000.0
24500000.0,Mercedes Benz,C200,AMG Premium,2018,Used,Automatic,Saloon,Petrol,1500.0,60000.0
17850000.0,BMW,520d,Low Mileage,2012,Used,Automatic,Station wagon,Diesel,2000.0,85000.0
2595000.0,Nissan,March,990,1994,Used,Automatic,Saloon,Petrol,990.0,89412.0
18500000.0,Audi,A4,,2017,Used,Automatic,Saloon,Petrol,1400.0,28000.0
7490000.0,Honda,Fit,"GP5 1ST OWN 58,000KM",2014,Used,Automatic,Hatchback,Hybrid,1500.0,58000.0
10850000.0,Toyota,Axio,Hybrid G Grade,2019,Used,Automatic,Saloon,Hybrid,1500.0,92300.0
99500000.0,Lexus,LS500h,Executive Lounge ,2023,Used,Automatic,Saloon,Hybrid,3500.0,9000.0
13500000.0,Toyota,RAV4,,2015,Used,Automatic,SUV / 4x4,Petrol,2400.0,93000.0
18500000.0,BMW,520d,Facelift,2013,Used,Automatic,Saloon,Diesel,2000.0,224000.0
8575000.0,Micro,Rexton,,2008,Used,Automatic,SUV / 4x4,Diesel,2696.0,117449.0
8150000.0,Toyota,Passo,XL Safety,2023,Used,Automatic,Hatchback,Petrol,1000.0,24500.0
6450000.0,Toyota,Corolla,121 G,2006,Used,Automatic,,Petrol,1500.0,137250.0
8775000.0,Honda,Fit,Hybrid GP5 S Grade,2017,Used,Automatic,,Hybrid,1500.0,69600.0
9275000.0,Honda,Vezel,Z Grade,2015,Used,Automatic,,Hybrid,1500.0,135100.0
8650000.0,Honda,Vezel,,2014,Used,Automatic,Hatchback,Hybrid,1500.0,181000.0
5695000.0,Nissan,Tiida,,2007,Used,Automatic,,Petrol,1498.0,89932.0
10600000.0,Toyota,Axio,,2015,Used,Automatic,Saloon,Hybrid,1500.0,173000.0
13195000.0,Toyota,Axio,WXB,2017,Used,Automatic,Saloon,Hybrid,1500.0,109000.0
69500000.0,Toyota,TUNDRA,1MHV Limited,2024,Used,Tiptronic,SUV / 4x4,Petrol,3500.0,10000.0
3450000.0,Micro,Panda,Micro,2017,Used,Manual,Hatchback,Petrol,1000.0,34600.0
115000000.0,BMW,i7,M-Sport Registered ,2024,Used,Automatic,Saloon,Electric,400.0,18000.0
6840000.0,Suzuki,Wagon R Stingray,,2018,Used,Automatic,Hatchback,Petrol,660.0,82123.0
9750000.0,Toyota,Premio,G Grade,2012,Used,Automatic,Saloon,Petrol,1500.0,175000.0
11800000.0,Ford,Kuga,SUV 2015,2015,Used,Automatic,SUV / 4x4,Petrol,1500.0,134000.0
17850000.0,BMW,520d,M Sport ,2012,Used,Automatic,Saloon,Diesel,2000.0,140000.0
7600000.0,Toyota,Vitz,Safety Edition,2016,Used,Automatic,Hatchback,Petrol,1000.0,62000.0
3875000.0,Perodua,Viva Elite,,2010,Used,Manual,Hatchback,Petrol,1000.0,80700.0
8200000.0,Toyota,Vitz,,2018,Used,Automatic,Hatchback,Petrol,998.0,51160.0
9500000.0,Toyota,Axio,Hybrid G Grade,2014,Used,Automatic,Saloon,Hybrid,1499.0,132000.0
10700000.0,Toyota,Premio,G Superior,2013,Used,Automatic,Saloon,Petrol,1800.0,132000.0
3470000.0,Suzuki,Alto,,2003,Used,Automatic,Hatchback,Petrol,680.0,120000.0
13800000.0,Mitsubishi,Outlander,Fully Loaded,2016,Used,Tiptronic,SUV / 4x4,Petrol,2400.0,154000.0
6370000.0,Suzuki,Grand Vitara,Escudo,2005,Used,Automatic,SUV / 4x4,Petrol,2000.0,163000.0
6595000.0,Toyota,Passo,G Grade,2016,Used,Automatic,Hatchback,Petrol,1000.0,72000.0
8000000.0,Hyundai,Tucson,,2012,Used,Automatic,,Diesel,2000.0,174000.0
5390000.0,Suzuki,Swift, Style Edition,2009,Used,Automatic,Hatchback,Petrol,1300.0,180000.0
3400000.0,Micro,Panda,,2017,Used,Manual,Hatchback,Petrol,1000.0,64000.0
4250000.0,Toyota,Starlet,Toyota,1996,Used,Automatic,Hatchback,Petrol,1300.0,220000.0
2625000.0,Hyundai,Accent,Facelift Hatchback,2003,Used,Manual,Hatchback,Petrol,1341.0,165500.0
32850000.0,Land Rover,Discovery,4S low Kms 1ST Mint,2015,Used,Automatic,SUV / 4x4,Diesel,3000.0,100000.0
25500000.0,Mercedes Benz,C200,AMG Line,2019,Used,Automatic,Saloon,Petrol,1500.0,39000.0
25250000.0,Toyota,Crown,Royal Saloon ,2014,Used,Tiptronic,Saloon,Hybrid,2500.0,102000.0
6150000.0,Suzuki,Wagon R FX,2017,2017,Used,Automatic,Hatchback,Hybrid,660.0,78000.0
3075000.0,Perodua,Kelisa,2003,2003,Used,Automatic,Hatchback,Petrol,989.0,118649.0
5300000.0,Toyota,Vitz,,2007,Used,Automatic,Hatchback,Petrol,1000.0,152000.0
56500000.0,Toyota,Land Cruiser Sahara,V8 ZX,2015,Used,Tiptronic,SUV / 4x4,Petrol,4500.0,134000.0
5100000.0,Nissan,Tiida,Latio,2010,Used,Automatic,Saloon,Petrol,1500.0,201000.0
5500000.0,Toyota,Passo,,2008,Used,Automatic,,Petrol,1000.0,110000.0
5850000.0,Suzuki,Hustler,,2015,Used,Automatic,Hatchback,Hybrid,650.0,125000.0
2700000.0,Toyota,Corolla,DX,1997,Used,Automatic,Station wagon,Diesel,2000.0,390000.0
14000000.0,Audi,Q3,,2016,Used,Automatic,SUV / 4x4,Petrol,1600.0,100000.0
12000000.0,Land Rover,Freelander,2 Td4 2013,2013,Used,Automatic,,Diesel,2200.0,64430.0
3890000.0,Kia,Cerato,Kia Certo,2005,Used,Automatic,Saloon,Petrol,1600.0,186000.0
6350000.0,Toyota,Belta,2009,2009,Used,Automatic,,Petrol,1000.0,177000.0
4950000.0,Subaru,Legacy,B4 Wagon,2000,Used,Manual,Station wagon,Petrol,2000.0,135000.0
23900000.0,BMW,318i,M Sport,2018,Used,Tiptronic,Saloon,Petrol,1500.0,39500.0
33500000.0,Toyota,Land Cruiser Prado,,2014,Used,Automatic,SUV / 4x4,Petrol,2700.0,88000.0
3080000.0,Nissan,Wingroad,,1999,Used,Manual,Station wagon,Petrol,1490.0,225000.0
29285000.0,Mercedes Benz,C200,AMG HIGHEST SPEC,2020,Used,Automatic,Saloon,Petrol,1500.0,14000.0
6750000.0,Land Rover,Defender,,1982,Used,Manual,MPV,Diesel,3000.0,136225.0
18400000.0,Mercedes Benz,CLA 200,BENZ CLA220 Exchange,2013,Used,Automatic,Saloon,Diesel,2000.0,108000.0
7000000.0,Kia,Rio,Full Option Import,2015,Used,Automatic,Saloon,Petrol,1400.0,16502.0
9500000.0,Toyota,Allion,Allion NTZ 260,2008,Used,Automatic,Saloon,Petrol,1500.0,84400.0
11200000.0,Kia,Sorento,CRDI 1-14 Option ,2012,Used,Automatic,SUV / 4x4,Diesel,2200.0,168000.0
19800000.0,Mercedes Benz,S350,LWB,2011,Used,Tiptronic,Saloon,Petrol,3500.0,166000.0
5300000.0,Nissan,X-Trail,NT 30,2002,Used,Automatic,SUV / 4x4,Petrol,1980.0,200000.0
4300000.0,Toyota,Corolla,,1997,Used,Automatic,Saloon,Petrol,1498.0,237000.0
13000000.0,BMW,530d,Msport,2006,Used,Manual,Saloon,Diesel,3000.0,105000.0
25500000.0,Nissan,Patrol,GRX 4X4,2011,Used,Tiptronic,SUV / 4x4,Diesel,3000.0,284000.0
4200000.0,Toyota,Passo,,2004,Used,Automatic,Hatchback,Petrol,1000.0,100000.0
6800000.0,Suzuki,Wagon R,Wagon R Premium,2018,Used,Automatic,Hatchback,Hybrid,658.0,62800.0
25000000.0,Land Rover,Defender,Puma,2012,Used,Manual,SUV / 4x4,Diesel,2402.0,88600.0
12950000.0,Toyota,Premio,G Superior,2015,Used,Automatic,Saloon,Petrol,1500.0,200000.0
8200000.0,Toyota,Aqua,2016,2016,Used,Automatic,Hatchback,Hybrid,1500.0,186500.0
5900000.0,Nissan,Navara,LE,2010,Used,Automatic,SUV / 4x4,Diesel,3.0,188000.0
3375000.0,Datsun,Redi Go,,2016,Used,Manual,Hatchback,Petrol,800.0,115000.0
12250000.0,Honda,CRV,,2013,Used,Automatic,,Petrol,1990.0,169000.0
21500000.0,Toyota,Hilux,2.8L 4WD Double Cab,2025,Used,Automatic,SUV / 4x4,Diesel,2800.0,33.0
3875000.0,Hyundai,Eon,MAGNA ,2016,Used,Manual,Hatchback,Petrol,800.0,80000.0
56000000.0,Toyota,Land Cruiser Prado,LC 250,2024,Used,Automatic,SUV / 4x4,Petrol,2777.0,3200.0
6850000.0,Toyota,Vitz,,2015,Used,Automatic,Hatchback,Petrol,1000.0,160000.0
35500000.0,Toyota,Land Cruiser Prado,TX - Fully Loaded ,2015,Used,Automatic,SUV / 4x4,Petrol,2700.0,85000.0
27850000.0,Honda,CRV,Cr-V Vti Exchange,2024,Used,Automatic,SUV / 4x4,Petrol,1500.0,8400.0
17050000.0,Honda,CRV,VTIL 7 Seater Turbo,2018,Used,Automatic,SUV / 4x4,Petrol,1500.0,112716.0
9900000.0,Suzuki,Vitara,,2019,Used,Automatic,SUV / 4x4,Petrol,1000.0,89900.0
5775000.0,Toyota,Belta,,2008,Used,Automatic,Saloon,Petrol,1300.0,165000.0
18790000.0,Mercedes Benz,CLA 180,BENZ CLA 180 AMG,2017,Used,Automatic,Saloon,Petrol,1600.0,94500.0
4475000.0,Suzuki,A-Star,,2012,Used,Automatic,Hatchback,Petrol,1000.0,87000.0
4500000.0,Mercedes Benz,C180,1993,1993,Used,Automatic,Saloon,Petrol,1800.0,120000.0
7900000.0,DFSK,Glory,580 Higest spec,2019,Used,Automatic,SUV / 4x4,Petrol,1500.0,69000.0
4175000.0,Hyundai,Eon,MAGNA PLUS ,2017,Used,Manual,Hatchback,Petrol,800.0,69000.0
13000000.0,Toyota,Vanguard,,2012,Used,Tiptronic,SUV / 4x4,Petrol,2400.0,238000.0
1925000.0,Suzuki,Maruti,Maruti,2005,Used,Manual,Hatchback,Petrol,800.0,65321.0
16900000.0,Honda,CRV,MASTERPIECE ,2019,Used,Automatic,SUV / 4x4,Petrol,1500.0,130000.0
11790000.0,Toyota,Hilux,Double Cab Auto,2007,Used,Automatic,SUV / 4x4,Diesel,3000.0,157000.0
6650000.0,Toyota,Passo,,2017,Used,Automatic,Hatchback,Petrol,1000.0,80000.0
4975000.0,Kia,Sportage,SUV,2006,Used,Automatic,SUV / 4x4,Petrol,2000.0,165000.0
6000000.0,Suzuki,Wagon R FZ,,2016,Used,Automatic,Hatchback,Petrol,650.0,89000.0
16790000.0,Toyota,Land Cruiser Prado,Prado 120,2007,Used,Manual,SUV / 4x4,Diesel,3000.0,195000.0
6390000.0,Suzuki,Wagon R FZ,Wagon R Fz Safety,2017,Used,Automatic,Hatchback,Hybrid,660.0,122000.0
2500000.0,Nissan,Pulsar,,2001,Used,Automatic,,Diesel,1200.0,240000.0
14000000.0,Micro,Almaz,Wuling,2023,Used,Automatic,SUV / 4x4,Petrol,1500.0,19500.0
46500000.0,Toyota,Land Cruiser Prado,Sahara V8,2011,Used,Automatic,SUV / 4x4,Diesel,4500.0,181512.0
6380000.0,Honda,Fit,GP1 Navi Premium,2012,Used,Automatic,Hatchback,Petrol,1330.0,120000.0
17250000.0,Honda,CRV,2018,2018,Used,Automatic,SUV / 4x4,Petrol,1500.0,84000.0
26700000.0,Mitsubishi,Montero,Diesel-7 seater-Auto,2013,Used,Automatic,,Diesel,3200.0,25000.0
4990000.0,Suzuki,Swift,SWIFT JAPAN 1300,2006,Used,Automatic,Hatchback,Petrol,1300.0,142147.0
10890000.0,Toyota,Raize,RAIZE HIGH SPEC,2020,Used,Automatic,Hatchback,Petrol,1000.0,98452.0
5390000.0,Suzuki,Wagon R FZ,SAFETY PUSH 2016,2015,Used,Automatic,Hatchback,Hybrid,650.0,108542.0
13550000.0,Ford,Raptor Ranger,Raptor Ranger,2015,Used,Manual,SUV / 4x4,Diesel,3200.0,136521.0
43000000.0,Land Rover,Range Rover Sport,Range Rover Sport,2017,Used,Automatic,SUV / 4x4,Diesel,2000.0,53214.0
3790000.0,Chevrolet,Cruze,CENTRE ANTENNA,2003,Used,Automatic,Hatchback,Petrol,1300.0,118087.0
41495000.0,Toyota,Land Cruiser Prado,150 TX L G FRONTIER ,2017,Used,Tiptronic,SUV / 4x4,Petrol,2700.0,39000.0
7300000.0,Toyota,Vitz,2016,2016,Used,Automatic,Hatchback,Petrol,1000.0,86000.0
53000000.0,Toyota,Land Cruiser Sahara,ZX V8,2015,Used,Automatic,SUV / 4x4,Petrol,4600.0,138000.0
10500000.0,Toyota,Axio,G Grade,2014,Used,Automatic,Saloon,Hybrid,1500.0,145000.0
12250000.0,Honda,CRV,,2012,Used,Automatic,SUV / 4x4,Petrol,1990.0,117000.0
3650000.0,Suzuki,Alto,LXI 800,2015,Used,Manual,Hatchback,Petrol,796.0,129000.0
7200000.0,Toyota,Axio,G Grade,2007,Used,Automatic,Saloon,Petrol,1500.0,300000.0
28500000.0,BMW,530e,M-Sport,2018,Used,Automatic,Saloon,Petrol,2000.0,49000.0
11200000.0,Toyota,Premio,G Superior,2013,Used,Automatic,Saloon,Petrol,1500.0,229990.0
82500000.0,Land Rover,Range Rover,Vogue LWB Autobio,2023,Used,Automatic,SUV / 4x4,Petrol,2000.0,9000.0
10590000.0,Toyota,Premio,G Superior,2013,Used,Automatic,Saloon,Petrol,1500.0,129000.0
20700000.0,Audi,A3,Advance Sedan,2023,Used,Automatic,Saloon,Petrol,990.0,22000.0
8500000.0,Toyota,Allion,260,2007,Used,Automatic,Saloon,Petrol,1500.0,222000.0
11500000.0,Mitsubishi,Outlander,Plug in Hybrid,2014,Used,Automatic,Station wagon,Hybrid,1990.0,153000.0
2800000.0,Micro,Panda,2015,2015,Used,Manual,Saloon,Petrol,1000.0,60600.0
11350000.0,Kia,Sorento,Kia,2012,Used,Automatic,SUV / 4x4,Diesel,2200.0,175000.0
15800000.0,Audi,A3,Advanced Sportsback,2023,Used,Automatic,Hatchback,Petrol,1000.0,35000.0
7290000.0,Ssang Yong,Tivoli,,2015,Used,Automatic,SUV / 4x4,Petrol,1600.0,169000.0
30000000.0,Mercedes Benz,E180,AMG,2019,Used,Tiptronic,Saloon,Petrol,1497.0,27000.0
9500000.0,Toyota,Allion,,2010,Used,Tiptronic,Saloon,Petrol,1500.0,141000.0
14875000.0,Mitsubishi,Montero,sport,2012,Used,Automatic,SUV / 4x4,Diesel,2500.0,105000.0
43500000.0,BMW,740Le,LWB M Sport,2018,Used,Automatic,,Petrol,2000.0,27000.0
2700000.0,Tata,Indica,Xeta,2015,Used,Manual,Hatchback,Petrol,1193.0,155000.0
12600000.0,Honda,Civic,Tech Pack,2018,Used,Automatic,Hatchback,Petrol,1000.0,79000.0
3700000.0,Renault,KWID,RXT,2016,Used,Manual,Hatchback,Petrol,800.0,74000.0
5500000.0,Suzuki,Alto,Japan,2018,Used,Automatic,,Petrol,650.0,74200.0
9900000.0,Toyota,Axio,G Grade,2015,Used,Automatic,Saloon,Hybrid,1500.0,120000.0
9350000.0,Toyota,Axio,G Grade,2014,Used,Automatic,Saloon,Hybrid,1499.0,180000.0
3990000.0,Suzuki,Alto,,2015,Used,Manual,Hatchback,Petrol,800.0,59774.0
7300000.0,Toyota,Axio,141,2007,Used,Automatic,Saloon,Petrol,1500.0,183000.0
3900000.0,Suzuki,Alto,,2015,Used,Manual,Hatchback,Petrol,800.0,50238.0
12700000.0,Audi,A3,Sedan TFSI,2019,Used,Automatic,Saloon,Petrol,1000.0,117000.0
13000000.0,Audi,Q2,,2018,Used,Automatic,,Petrol,1000.0,82000.0
5825000.0,Perodua,Axia,G,2017,Used,Automatic,Hatchback,Petrol,1000.0,102000.0
16850000.0,BMW,318i,"Luxury Line 21,000Km",2017,Used,Automatic,Saloon,Petrol,1500.0,21000.0
2600000.0,Suzuki,Maruti,800,2012,Used,Manual,Hatchback,Petrol,800.0,42000.0
6990000.0,Honda,CRV,Honda,2004,Used,Automatic,SUV / 4x4,Petrol,1999.0,132000.0
36500000.0,BMW,740e,iPerformance,2017,Used,Automatic,Saloon,Petrol,2000.0,35000.0
19500000.0,Audi,A5,,2018,Used,Automatic,Saloon,Petrol,1400.0,69000.0
5425000.0,Suzuki,Celerio,ZXI Auto 1st owner ,2017,Used,Automatic,Hatchback,Petrol,1000.0,78000.0
15600000.0,Mercedes Benz,E200,,2010,Used,Automatic,Saloon,Petrol,1990.0,55000.0
1350000.0,Bajaj,Qute,,2019,Used,Manual,,Petrol,216.0,51000.0
850000.0,Nissan,Sunny,B11,1983,Used,Manual,Saloon,Petrol,1480.0,325000.0
9800000.0,Honda,Vezel,Orange Package,2014,Used,Automatic,SUV / 4x4,Hybrid,1500.0,247000.0
13750000.0,Audi,Q2,TFSI SQ2,2018,Used,Tiptronic,SUV / 4x4,Petrol,1000.0,61000.0
7450000.0,Toyota,Rush,Automatic 4x4 SUV ,2010,Used,Automatic,SUV / 4x4,Petrol,1500.0,156000.0
2700000.0,Maruti Suzuki,Alto,,2011,Used,Manual,Hatchback,Petrol,800.0,201100.0
1550000.0,Peugeot,305,305,1998,Used,Manual,Saloon,Petrol,1400.0,300000.0
7250000.0,Toyota,Vitz,Toyota Vitz,2011,Used,Automatic,Saloon,Petrol,1320.0,113416.0
6490000.0,Toyota,Premio,NZT 240,2002,Used,Automatic,Saloon,Petrol,1800.0,197000.0
9250000.0,DFSK,Glory,,2021,Used,Tiptronic,SUV / 4x4,Petrol,1500.0,80000.0
12500000.0,Mitsubishi,Montero,,2003,Used,Automatic,SUV / 4x4,Petrol,3800.0,129000.0
33500000.0,Toyota,Land Cruiser Prado,Fully loaded,2015,Used,Automatic,SUV / 4x4,Petrol,2700.0,185000.0
12850000.0,Toyota,Land Cruiser Prado,1KZ Fully Loaded,2000,Used,Manual,SUV / 4x4,Diesel,3000.0,154000.0
8750000.0,Nissan,Clipper,Rio Wagon Every ,2023,Used,Automatic,Hatchback,Petrol,650.0,5000.0
11000000.0,Nissan,X-Trail,Hybrid,2016,Used,Automatic,Hatchback,Petrol,1997.0,143973.0
11150000.0,Toyota,Prius,G Touring,2013,Used,Automatic,Saloon,Hybrid,1800.0,131000.0
20500000.0,Audi,Q3,S-Line Vorsprung,2019,Used,Tiptronic,SUV / 4x4,Petrol,1500.0,42000.0
9200000.0,Honda,Grace,EX,2015,Used,Automatic,Saloon,Petrol,1500.0,47500.0
29300000.0,Mercedes Benz,GLB,200 AMG Premium Plus,2020,Used,Automatic,SUV / 4x4,Petrol,1300.0,47000.0
6550000.0,Perodua,Bezza,G GRADE,2018,Used,Automatic,,Petrol,1000.0,58000.0
3650000.0,Nissan,Pulsar,,1999,Used,Automatic,Saloon,Petrol,1500.0,150000.0
6800000.0,Toyota,Vitz,,2015,Used,Automatic,Hatchback,Petrol,1000.0,104000.0
19200000.0,BMW,520d,,2012,Used,Automatic,Saloon,Diesel,2000.0,155000.0
9800000.0,Toyota,Axio,G Grade,2014,Used,Automatic,Saloon,Hybrid,1500.0,56000.0
5475000.0,Perodua,Axia,G,2016,Used,Automatic,Hatchback,Petrol,1000.0,124000.0
41800000.0,Toyota,Land Cruiser Prado,TX Shadow Edition,2016,Used,Automatic,SUV / 4x4,Petrol,2700.0,18400.0
6450000.0,Hyundai,Santa Fe,7 Seater,2007,Used,Automatic,SUV / 4x4,Diesel,2000.0,165000.0
8500000.0,Toyota,Aqua,XURBAN,2015,Used,Automatic,Hatchback,Hybrid,1500.0,47431.0
3975000.0,Micro,Geely,,2017,Used,Automatic,,Petrol,1000.0,60000.0
5650000.0,Suzuki,Wagon R FX,FX,2016,Used,Automatic,Hatchback,Petrol,660.0,80000.0
7900000.0,Subaru,XV,2014,2014,Used,Automatic,,Petrol,2000.0,149000.0
9000000.0,MG,ZS,,2018,Used,Automatic,SUV / 4x4,Petrol,1000.0,60000.0
7600000.0,Toyota,Aqua,,2014,Used,Automatic,Hatchback,Petrol,1500.0,93000.0
10500000.0,Toyota,Prius,Toyota,2015,Used,Automatic,Hatchback,Hybrid,1800.0,167000.0
3990000.0,Suzuki,Liana,Sport,2006,Used,Manual,Saloon,Petrol,1300.0,155000.0
3990000.0,Toyota,Sprinter,,1999,Used,Automatic,Saloon,Petrol,1300.0,179000.0
24700000.0,Toyota,Land Cruiser Prado,150,2012,Used,Manual,,Diesel,2800.0,200000.0
23900000.0,Mercedes Benz,CLA 200,Premium Plus,2019,Used,Automatic,Saloon,Petrol,1322.0,40000.0
5300000.0,Toyota,Vitz,,2007,Used,Automatic,Hatchback,Petrol,1000.0,121000.0
2100000.0,Kia,Spectra,2001,2001,Used,Manual,Saloon,Petrol,1600.0,90000.0
4890000.0,Nissan,Sunny,,2007,Used,Manual,Saloon,Petrol,1300.0,275000.0
27500000.0,Mercedes Benz,CLA 200,,2020,Used,Automatic,Coupé/Sports,Petrol,1332.0,19500.0
19450000.0,Audi,Q3,S-Line 54000km,2019,Used,Tiptronic,SUV / 4x4,Petrol,1500.0,54000.0
8200000.0,Toyota,Allion,Nzt260 (a15) G-Grade,2007,Used,Automatic,Saloon,Petrol,1500.0,180000.0
6750000.0,Honda,Fit,GP1,2013,Used,Automatic,Hatchback,Hybrid,1300.0,64000.0
13500000.0,Audi,A3,,2018,Used,Automatic,Saloon,Petrol,1200.0,160000.0
5600000.0,Daihatsu,Mira,,2017,Used,Automatic,Hatchback,Petrol,660.0,101244.0
3300000.0,Nissan,March,Nissan March K11,2001,Used,Automatic,Hatchback,Petrol,1000.0,165000.0
15900000.0,Peugeot,5008,Allure,2018,Used,Automatic,SUV / 4x4,Petrol,1200.0,67000.0
49500000.0,Land Rover,Range Rover Sport,Autobiography ,2019,Used,Automatic,SUV / 4x4,Petrol,2000.0,55000.0
30000000.0,Mercedes Benz,E300,AMG Coupe,2018,Used,Automatic,Coupé/Sports,Petrol,2000.0,30000.0
39900000.0,Toyota,Land Cruiser Prado,TX150 ELFORD ,2017,Used,Automatic,SUV / 4x4,Petrol,2700.0,75000.0
6500000.0,Nissan,Tiida,,2008,Used,Automatic,Saloon,Petrol,1500.0,73500.0
5250000.0,Suzuki,Swift,Style,2007,Used,Automatic,Hatchback,Petrol,1300.0,140000.0
9590000.0,Honda,Vezel,Orange Pack,2014,Used,Automatic,SUV / 4x4,Hybrid,1490.0,163581.0
4300000.0,Isuzu,D-Max,,1998,Used,Manual,SUV / 4x4,Diesel,2499.0,300000.0
10500000.0,Kia,Sorento,,2011,Used,Automatic,SUV / 4x4,Diesel,2200.0,130000.0
89500000.0,Porsche,Taycan,TURBO 1 OF 2,2024,Used,Automatic,Coupé/Sports,Electric,800.0,5000.0
12500000.0,Audi,Q2,,2017,Used,Tiptronic,,Petrol,1000.0,73000.0
6075000.0,Nissan,Cefiro,J31 Facelift,2007,Used,Automatic,Saloon,Petrol,2400.0,153000.0
8800000.0,Honda,Vezel,2013,2013,Used,Automatic,Station wagon,Hybrid,1499.0,130000.0
20000000.0,Toyota,Land Cruiser Sahara,,2005,Used,Manual,SUV / 4x4,Diesel,4500.0,291000.0
6990000.0,Toyota,Vitz,Vitz,2016,Used,Automatic,Hatchback,Petrol,1000.0,105400.0
3940000.0,Suzuki,Alto,,2008,Used,Automatic,Hatchback,Petrol,650.0,139500.0
6790000.0,Suzuki,Wagon R FZ,,2018,Used,Automatic,Hatchback,Petrol,650.0,92644.0
7500000.0,Toyota,Prius,2nd Gen,2011,Used,Automatic,Saloon,Petrol,1500.0,211000.0
24950000.0,BMW,218i,BMW 218i MSport 2023,2023,Used,Automatic,Saloon,Petrol,1500.0,18500.0
13000000.0,Peugeot,3008,Allure,2018,Used,Tiptronic,SUV / 4x4,Petrol,1200.0,109500.0
23000000.0,Audi,A3,Sline Highest spec,2023,Used,Automatic,Saloon,Petrol,1000.0,10000.0
790000.0,Toyota,Corolla,DX KE72,1983,Used,Manual,Station wagon,Petrol,1290.0,99999.0
8500000.0,Toyota,Vitz,Toyota,2018,Used,Automatic,Hatchback,Petrol,990.0,43000.0
12950000.0,Toyota,CHR,NGX10,2018,Used,Automatic,Hatchback,Petrol,1200.0,95000.0
1850000.0,Maruti,Other Model,Omini,2004,Used,Manual,Hatchback,Petrol,800.0,50600.0
4755000.0,Perodua,Viva Elite,,2013,Used,Automatic,Hatchback,Petrol,1000.0,90500.0
16500000.0,BMW,528i,F10 Fully Loaded,2011,Used,Tiptronic,Saloon,Petrol,2000.0,152000.0
6100000.0,Toyota,Vitz,KSP 90 RS,2010,Used,Automatic,Hatchback,Petrol,1300.0,188000.0
20000000.0,Mercedes Benz,A180,AMG Sedan,2020,Used,Automatic,Saloon,Petrol,1332.0,37000.0
5690000.0,Suzuki,Wagon R FZ,,2016,Used,Automatic,Hatchback,Petrol,660.0,109000.0
16500000.0,Honda,CRV,VTI-LX,2018,Used,Automatic,SUV / 4x4,Petrol,1500.0,164000.0
16800000.0,BMW,X1,M Sport,2018,Used,Tiptronic,SUV / 4x4,Petrol,1500.0,64500.0
14900000.0,Mitsubishi,Outlander,2015,2015,Used,Automatic,SUV / 4x4,Petrol,2400.0,120000.0
36500000.0,Toyota,Land Cruiser Prado,150,2015,Used,Tiptronic,SUV / 4x4,Petrol,2700.0,112000.0
11000000.0,Suzuki,Vitara,2020,2020,Used,Tiptronic,Hatchback,Petrol,1000.0,28000.0
26900000.0,Toyota,Land Cruiser Prado,TX,2012,Used,Automatic,SUV / 4x4,Petrol,2700.0,112000.0
4850000.0,Toyota,Corolla,Corolla 121 manual,2003,Used,Manual,Saloon,Petrol,1300.0,185000.0
6285000.0,Suzuki,Wagon R FX,low mileage ,2018,Used,Automatic,Hatchback,Hybrid,650.0,47800.0
2900000.0,Micro,Panda,,2015,Used,Manual,Hatchback,Petrol,1000.0,65000.0
8950000.0,Honda,Vezel,2015,2015,Used,Automatic,Hatchback,Hybrid,1500.0,128000.0
1820000.0,Tata,Indica,,2004,Used,Manual,,Petrol,1405.0,154936.0
53000000.0,Toyota,Land Cruiser Sahara,,2013,Used,Automatic,SUV / 4x4,Diesel,4600.0,123000.0
4200000.0,Suzuki,Alto,2015,2015,Used,Manual,Hatchback,Petrol,796.0,96530.0
13850000.0,Honda,Civic,RS- Sedan,2017,Used,Automatic,Saloon,Petrol,1500.0,80000.0
10000000.0,Toyota,Hilux,Hilux Double Cab,2007,Used,Manual,SUV / 4x4,Diesel,3000.0,170000.0
6800000.0,Suzuki,Spacia,,2017,Used,Automatic,,Petrol,650.0,84000.0
8350000.0,Suzuki,Swift,RS Turbo Safety ,2017,Used,Automatic,Hatchback,Petrol,1000.0,98000.0
21000000.0,Peugeot,3008,Allure Premium,2020,Used,Automatic,SUV / 4x4,Petrol,1800.0,47500.0
52500000.0,Land Rover,Range Rover Sport,Autobiography ,2019,Used,Automatic,SUV / 4x4,Petrol,2000.0,42000.0
7695000.0,Mazda,2 Skyactive,Mazda 2,2016,Used,Automatic,Saloon,Petrol,1500.0,129000.0
10200000.0,Toyota,Axio,G Grade,2016,Used,Automatic,Saloon,Hybrid,1500.0,108000.0
2550000.0,Micro,Lifan,Limited Edition,2009,Used,Manual,Saloon,Petrol,1500.0,125000.0
15250000.0,Toyota,Axio,G Grade Hybrid,2022,Used,Automatic,Saloon,Hybrid,1490.0,9100.0
9150000.0,Toyota,Yaris,X Limited ,2023,Used,Automatic,Hatchback,Petrol,990.0,16500.0
6500000.0,Toyota,Prius,2007,2007,Used,Automatic,Saloon,Hybrid,1500.0,190000.0
7290000.0,Suzuki,Wagon R FX,2025 Safety,2023,Used,Automatic,Hatchback,Hybrid,650.0,11000.0
68500000.0,Land Rover,Range Rover,LWB Autobiography ,2019,Used,Automatic,SUV / 4x4,Hybrid,2000.0,33000.0
5000000.0,Suzuki,Celerio,,2015,Used,Other transmission,Hatchback,Petrol,1000.0,124500.0
6250000.0,Honda,N-WGN,JH 1,2017,Used,Automatic,Station wagon,Petrol,650.0,30250.0
12290000.0,Toyota,Land Cruiser Prado,95 1KZ ,1997,Used,Manual,SUV / 4x4,Diesel,3000.0,230000.0
13300000.0,Toyota,CHR,Highest Grade,2018,Used,Automatic,SUV / 4x4,Petrol,1200.0,74500.0
8390000.0,Toyota,Hilux,VIGO SMARTCAB G ,2009,Used,Manual,SUV / 4x4,Diesel,3000.0,168000.0
7590000.0,Honda,Insight,,2012,Used,Automatic,Saloon,Hybrid,1330.0,147000.0
8290000.0,Hyundai,Venue,,2019,Used,Automatic,SUV / 4x4,Petrol,1000.0,93000.0
5800000.0,Honda,Civic,Es 1,2004,Used,Automatic,Saloon,Petrol,1490.0,175773.0
3900000.0,Micro,Actyon,,2009,Used,Manual,SUV / 4x4,Diesel,1800.0,327000.0
3690000.0,Suzuki,Alto,LXI800,2015,Used,Manual,Hatchback,Petrol,800.0,97000.0
6750000.0,Toyota,Passo,Safety Push Start ,2016,Used,Automatic,Hatchback,Petrol,1000.0,79000.0
6890000.0,Honda,Fit,GP1,2013,Used,Automatic,Hatchback,Hybrid,1300.0,142000.0
13390000.0,Toyota,Allion,G Plus,2016,Used,Automatic,,Petrol,1500.0,143000.0
11150000.0,Toyota,Premio,2013,2013,Used,Automatic,Saloon,Petrol,1500.0,137400.0
8800000.0,Honda,Freed,Honda,2012,Used,Automatic,Station wagon,Petrol,1490.0,212000.0
5890000.0,Nissan,Wingroad,2008,2008,Used,Automatic,Station wagon,Petrol,1500.0,181000.0
8800000.0,Honda,Grace,,2015,Used,Automatic,Saloon,Hybrid,1500.0,129300.0
3690000.0,Suzuki,Alto,,2015,Used,Manual,Hatchback,Petrol,800.0,93000.0
7950000.0,Honda,Fit,GP5 L Exclusive 2014,2014,Used,Automatic,Hatchback,Petrol,1500.0,145000.0
12900000.0,Toyota,Raize,Z Grade Hybrid ,2022,Used,Automatic,SUV / 4x4,Hybrid,1200.0,13500.0
10750000.0,Toyota,Roomy,Custom GT,2023,Used,Automatic,Hatchback,Petrol,990.0,18000.0
18850000.0,BMW,318i,M-Sport Australian,2018,Used,Automatic,Saloon,Petrol,1500.0,75000.0
5300000.0,Hyundai,Grand i10,,2017,Used,Automatic,,Petrol,1000.0,160000.0
11770000.0,Toyota,Axio,WXB,2017,Used,Automatic,Saloon,Hybrid,1500.0,124000.0
3350000.0,Renault,KWID,,2017,Used,Manual,,Petrol,800.0,165000.0
49500000.0,Toyota,Land Cruiser Sahara,VX V8,2011,Used,Tiptronic,SUV / 4x4,Diesel,4465.0,165000.0
5700000.0,Ssang Yong,Kyron,2008,2008,Used,Manual,SUV / 4x4,Diesel,2000.0,220000.0
24200000.0,Mercedes Benz,CLA 200,AMG Premium Plus,2019,Used,Automatic,Saloon,Petrol,1332.0,34000.0
27000000.0,Toyota,Land Cruiser Prado,150,2011,Used,Automatic,,Petrol,3000.0,113000.0
2990000.0,Nissan,AD Wagon,,1999,Used,Automatic,Station wagon,Petrol,1490.0,187000.0
9750000.0,Suzuki,Grand Vitara,,2019,Used,Automatic,Hatchback,Petrol,998.0,34798.0
27500000.0,Mercedes Benz,GLB,200 AMG Premium Plus,2020,Used,Automatic,SUV / 4x4,Petrol,1500.0,35000.0
20500000.0,Toyota,Hilux,Revo/Rocco B5,2017,Used,Automatic,SUV / 4x4,Diesel,2800.0,124000.0
12500000.0,Audi,A3,S Tronic Sedan Packa,2018,Used,Automatic,Saloon,Petrol,1400.0,85000.0
5950000.0,Daihatsu,Mira,ES SA3 B Grade ,2023,Used,Automatic,Hatchback,Petrol,658.0,42.0
39500000.0,BMW,740Le,M-Sport Plus ,2017,Used,Automatic,Saloon,Petrol,2000.0,18000.0
25500000.0,BMW,X5 M,Sport,2016,Used,Automatic,SUV / 4x4,Petrol,2000.0,80000.0
10000000.0,Nissan,X-Trail,,2015,Used,Automatic,SUV / 4x4,Hybrid,1990.0,117708.0
900000.0,Honda,Civic,Honda Civic,1987,Used,Manual,Saloon,Petrol,1300.0,150000.0
7650000.0,Honda,Insight,,2009,Used,Automatic,Saloon,Petrol,1330.0,107129.0
21000000.0,BMW,318i,M Sport,2018,Used,Automatic,Saloon,Petrol,1500.0,23000.0
6500000.0,Honda,Civic,,2008,Used,Automatic,Saloon,Hybrid,1330.0,164386.0
10500000.0,Toyota,Prius,Alpha,2013,Used,Automatic,Hatchback,Hybrid,1790.0,43423.0
4100000.0,Nissan,Cefiro,A33 2.0G,2001,Used,Automatic,Saloon,Petrol,2000.0,185000.0
8250000.0,Toyota,Vitz,,2018,Used,Automatic,Hatchback,Petrol,990.0,85804.0
6290000.0,Toyota,Passo,Hana ,2013,Used,Automatic,Hatchback,Petrol,990.0,95273.0
8290000.0,Suzuki,Swift,Rs Turbo,2017,Used,Automatic,Hatchback,Petrol,990.0,131077.0
178.0,Toyota,Corolla,WXB Limited Edition ,2024,Used,Automatic,Saloon,Petrol,1500.0,16000.0
12500000.0,Kia,Other Model,Syros HTX Plus,2025,Used,Automatic,,Petrol,1000.0,1200.0
4575000.0,Suzuki,A-Star,Fully Loaded 80000km,2012,Used,Automatic,Hatchback,Petrol,1000.0,80000.0
14400000.0,Mitsubishi,Outlander,,2015,Used,Automatic,SUV / 4x4,Hybrid,2000.0,160000.0
17000000.0,Kia,Carnival,2015,2015,Used,Automatic,SUV / 4x4,Diesel,2.0,150000.0
7200000.0,Hyundai,Tucson,,2012,Used,Automatic,SUV / 4x4,Petrol,2000.0,130000.0
2965000.0,Suzuki,Alto,800 LXI,2013,Used,Manual,Hatchback,Petrol,800.0,94000.0
41000000.0,Toyota,Land Cruiser Prado,150 TX,2017,Used,Automatic,SUV / 4x4,Petrol,2700.0,128000.0
13950000.0,Mitsubishi,Montero,Sports,2012,Used,Automatic,SUV / 4x4,Diesel,2500.0,195000.0
20000000.0,Kia,Carens,,2025,Used,Manual,,Diesel,1500.0,6440.0
13800000.0,Toyota,Premio,PREMIO G SUPERIOR ,2017,Used,Automatic,Saloon,Petrol,1500.0,108000.0
2585000.0,Maruti Suzuki,800,,2011,Used,Manual,,Petrol,800.0,173000.0
10799999.0,Toyota,Premio,G Superior,2013,Used,Automatic,Saloon,Petrol,1500.0,121000.0
10200000.0,Audi,A4,Audi,2011,Used,Automatic,Saloon,Petrol,1800.0,94188.0
3375000.0,Honda,City,,2000,Used,Automatic,,Petrol,1500.0,200000.0
21350000.0,Toyota,Land Cruiser Sahara,100 Series 1HZ ,2003,Used,Manual,SUV / 4x4,Diesel,4200.0,74500.0
9875000.0,Toyota,Premio,G Superior,2011,Used,Automatic,Saloon,Petrol,1500.0,150000.0
20700000.0,BMW,318i,BMW,2018,Used,Automatic,Saloon,Petrol,1500.0,115000.0
7150000.0,Toyota,Aqua,S Grade,2014,Used,Automatic,Hatchback,Hybrid,1500.0,180000.0
22000000.0,Mercedes Benz,C350,,2016,Used,Tiptronic,Saloon,Hybrid,2000.0,75000.0
10500000.0,Kia,Sportage,Special Orange,2011,Used,Manual,SUV / 4x4,Petrol,2000.0,63000.0
8850000.0,Honda,Vezel,Z Grade,2014,Used,Automatic,SUV / 4x4,Hybrid,1500.0,178000.0
28000000.0,Volkswagen,ID,ID 4 Pro,2023,Used,Automatic,SUV / 4x4,Electric,150.0,21500.0
13850000.0,Honda,Civic,Tech Pack 2018,2018,Used,Automatic,Hatchback,Petrol,1000.0,65100.0
7900000.0,Toyota,Vitz,Edition 2,2018,Used,Automatic,Hatchback,Petrol,1000.0,101000.0
3090000.0,Geely,Other Model,Micro Panda Corss,2013,Used,Manual,Hatchback,Petrol,1300.0,132000.0
5300000.0,Toyota,Vitz,KSP 90,2007,Used,Automatic,Hatchback,Petrol,1000.0,141600.0
3000000.0,Austin,Mini,Cooper,1964,Used,Manual,Hatchback,Petrol,1000.0,512400.0
12600000.0,Toyota,Premio,G Superior,2013,Used,Automatic,Saloon,Petrol,1500.0,124000.0
12400000.0,Volkswagen,T-Cross,Active Grade,2022,Used,Automatic,,Petrol,1000.0,10000.0
75500000.0,Land Rover,Range Rover,Vogue LWB Autobio,2019,Used,Automatic,SUV / 4x4,Petrol,2000.0,52000.0
16900000.0,BMW,X1,BMW,2019,Used,Automatic,SUV / 4x4,Petrol,1500.0,75000.0
3500000.0,Mitsubishi,i-MiEV,,2013,Used,Automatic,Saloon,Electric,600.0,90000.0
32500000.0,BMW,i8,M-Sport,2018,Used,Automatic,Coupé/Sports,Hybrid,1500.0,30000.0
28500000.0,BMW,X5,M-Sport,2016,Used,Automatic,SUV / 4x4,Hybrid,2000.0,66000.0
27500000.0,Toyota,Land Cruiser Prado,150 TX,2011,Used,Automatic,SUV / 4x4,Petrol,2700.0,130000.0
14800000.0,Audi,Q2,Q2,2019,Used,Tiptronic,SUV / 4x4,Petrol,1000.0,74000.0
5575000.0,Toyota,Avanza,07 Seater,2008,Used,Manual,MPV,Petrol,1300.0,143000.0
47500000.0,Jeep,Wrangler,Rubicon,2018,Used,Automatic,SUV / 4x4,Petrol,2000.0,68000.0
8250000.0,Daihatsu,Taft,G Chrome venture ,2023,Used,Automatic,Hatchback,Petrol,658.0,9188.0
15800000.0,Audi,A3,TFSI Highest Spec ,2018,Used,Automatic,Saloon,Petrol,1000.0,54000.0
5600000.0,Honda,HR-V,,2000,Used,Automatic,SUV / 4x4,Petrol,1590.0,201935.0
8200000.0,Hyundai,Venue,,2019,Used,Automatic,SUV / 4x4,Petrol,1000.0,62000.0
6200000.0,Daihatsu,Atrai Wagon,,2018,Used,Automatic,,Petrol,650.0,70000.0
8700000.0,Nissan,Note,Embassy,2020,Used,Automatic,Hatchback,Petrol,1200.0,44000.0
7500000.0,Nissan,Navara,Double cab,2007,Used,Manual,,Diesel,2500.0,160000.0
7600000.0,Kia,Sportage,,2011,Used,Automatic,,Petrol,2000.0,181000.0
8650000.0,Toyota,Vitz,,2019,Used,Automatic,,Petrol,1000.0,73000.0
9475000.0,Toyota,Yaris,X GRADE,2025,Used,Automatic,,Petrol,1000.0,2900.0
16900000.0,Peugeot,5008,GT Line,2019,Used,Automatic,SUV / 4x4,Petrol,1200.0,55000.0
17650000.0,Toyota,Corolla,WXB,2024,Used,Automatic,Saloon,Petrol,1500.0,9500.0
7000000.0,Mitsubishi,Lancer,CS3 GLX,2011,Used,Automatic,Saloon,Petrol,1600.0,128000.0
15500000.0,Isuzu,MU-X,,2015,Used,Automatic,SUV / 4x4,Petrol,2500.0,178000.0
16250000.0,Peugeot,5008,GT LINE ,2019,Used,Automatic,,Petrol,1200.0,70000.0
8290000.0,Honda,Fit,GP5 S Grade Mugen,2013,Used,Automatic,Hatchback,Hybrid,1500.0,165000.0
37500000.0,Toyota,Land Cruiser Prado,TX TRJ150 G Frontier,2017,Used,Automatic,SUV / 4x4,Petrol,2700.0,71000.0
5450000.0,Toyota,Corolla,Corolla 121 LX limit,2004,Used,Manual,Saloon,Petrol,1500.0,256000.0
7500000.0,Suzuki,Swift,RS Turbo,2017,Used,Automatic,,Petrol,990.0,131000.0
6590000.0,Nissan,X-Trail,,2001,Used,Automatic,SUV / 4x4,Petrol,1990.0,195000.0
8250000.0,Suzuki,Hustler,G,2024,Used,Automatic,Hatchback,Petrol,650.0,9500.0
3425000.0,Datsun,Redi Go,Datsun,2017,Used,Manual,Hatchback,Petrol,800.0,67000.0
3750000.0,Suzuki,Alto,Suzuki,2015,Used,Manual,Hatchback,Petrol,800.0,111000.0
10700000.0,Tata,Other Model,Curvv,2025,Used,Automatic,SUV / 4x4,Petrol,1200.0,11000.0
34000000.0,Toyota,Land Cruiser Prado,150 TX,2015,Used,Automatic,SUV / 4x4,Petrol,2700.0,96000.0
10900000.0,Toyota,Premio,G,2013,Used,Automatic,Saloon,Petrol,1500.0,120000.0
6700000.0,Toyota,Aqua,G Grade,2012,Used,Automatic,,Hybrid,1500.0,160000.0
16800000.0,Toyota,Premio,,2019,Used,Automatic,Saloon,Petrol,1499.0,96200.0
15000000.0,MG,5 Long Range,MG 5,2023,Used,Automatic,Station wagon,Electric,61.0,26000.0
14000000.0,Subaru,Forester,,2014,Used,Automatic,SUV / 4x4,Petrol,2000.0,101900.0
12000000.0,Honda,Civic,EX,2018,Used,Automatic,Hatchback,Petrol,1000.0,75000.0
10550000.0,BMW,X1,S Drive,2011,Used,Automatic,SUV / 4x4,Diesel,2000.0,149500.0
29900000.0,Toyota,Land Cruiser Prado,Lc5 Fully Loaded,2013,Used,Automatic,SUV / 4x4,Diesel,3000.0,195000.0
7425000.0,Suzuki,Swift,,2018,Used,Automatic,Hatchback,Petrol,1000.0,137848.0
13500000.0,Audi,Q2,TFSI,2018,Used,Automatic,Hatchback,Petrol,1000.0,76000.0
9200000.0,DFSK,Glory,,2022,Used,Automatic,SUV / 4x4,Petrol,1500.0,18779.0
6675000.0,Toyota,Vitz,,2015,Used,Automatic,Hatchback,Petrol,1000.0,115000.0
20500000.0,Mercedes Benz,C180,AMG Line,2016,Used,Automatic,Saloon,Petrol,1600.0,24500.0
6475000.0,Suzuki,Wagon R,FZ,2018,Used,Automatic,Hatchback,Hybrid,650.0,99000.0
1350000.0,Mitsubishi,Lancer,,1986,Used,Manual,Saloon,Petrol,1400.0,150000.0
35750000.0,Toyota,Land Cruiser Prado,150 Diesel Auto,2015,Used,Tiptronic,SUV / 4x4,Diesel,3000.0,147500.0
13900000.0,Mitsubishi,Outlander,,2015,Used,Automatic,,Hybrid,2000.0,115000.0
26450000.0,Mitsubishi,Montero,V98 GLS Fully Loaded,2016,Used,Tiptronic,SUV / 4x4,Diesel,3200.0,142500.0
28500000.0,Mitsubishi,Montero,Diesel ,2015,Used,Automatic,,Diesel,3200.0,142000.0
22650000.0,Toyota,Hilux,ROCCO B5 PK,2020,Used,Tiptronic,SUV / 4x4,Diesel,2800.0,69500.0
6450000.0,Honda,N-Box,650cc petrol,2016,Used,Automatic,,Petrol,650.0,56000.0
13250000.0,Toyota,CHR,NGX -10,2018,Used,Automatic,SUV / 4x4,Petrol,1200.0,110000.0
1550000.0,Chery,QQ,Chery QQ,2008,Used,Manual,Hatchback,Petrol,800.0,72000.0
3150000.0,Zotye,Z100,,2020,Used,Manual,Hatchback,Petrol,999.0,67000.0
5175000.0,Toyota,Vitz,,2009,Used,Automatic,Hatchback,Petrol,1000.0,158000.0
16100000.0,Audi,Q2,S-Line Black Edition,2019,Used,Automatic,,Petrol,1000.0,44000.0
14250000.0,BMW,318i,low milage ,2014,Used,Automatic,Saloon,Petrol,1500.0,52000.0
11700000.0,Land Rover,Freelander,2 TD4,2013,Used,Tiptronic,SUV / 4x4,Diesel,2200.0,100000.0
3175000.0,Perodua,Kelisa,HATCH BACK,2006,Used,Automatic,Hatchback,Petrol,1000.0,145000.0
19000000.0,BMW,X5,Straight Diesel ,2015,Used,Automatic,SUV / 4x4,Diesel,3000.0,140000.0
3475000.0,Suzuki,Alto,JAPANESE ,2005,Used,Automatic,Hatchback,Petrol,658.0,165000.0
625000.0,Nissan,Sunny,B210,1975,Used,Manual,Saloon,Petrol,1300.0,219000.0
12500000.0,Mitsubishi,Outlander,G Navi,2014,Used,Automatic,SUV / 4x4,Hybrid,2000.0,170000.0
3775000.0,Suzuki,Alto,VXI,2015,Used,Manual,Hatchback,Petrol,800.0,111340.0
11600000.0,Toyota,Prius,Limited Edition,2015,Used,Automatic,Saloon,Hybrid,1800.0,110000.0
8975000.0,Honda,Vezel,Oreinge Packge Gold,2014,Used,Automatic,SUV / 4x4,Hybrid,1500.0,112000.0
24000000.0,Toyota,Hilux,GR-Sport 2.8L (1GD),2023,Used,Automatic,SUV / 4x4,Diesel,2800.0,9000.0
1975000.0,Toyota,Corolla,AE 91,1998,Used,Manual,Saloon,Petrol,1500.0,164999.0
12100000.0,Honda,Fit Shuttle,Navi Premium (GP-7),2016,Used,Automatic,Hatchback,Hybrid,1500.0,85000.0
14000000.0,Toyota,Land Cruiser Prado,,2006,Used,Manual,SUV / 4x4,Petrol,2700.0,190000.0
9800000.0,Honda,Fit Shuttle,Navi-Premium (GP 2) ,2014,Used,Automatic,Hatchback,Hybrid,1330.0,165000.0
2425000.0,Fiat,Punto,Sport,2002,Used,Manual,Hatchback,Petrol,1200.0,116000.0
12700000.0,Toyota,Raize,g Grade Hybrid,2022,Used,Automatic,Hatchback,Hybrid,1200.0,29000.0
10800000.0,Daihatsu,Thor,Custom GS (Roomy),2023,Used,Automatic,,Petrol,1000.0,9000.0
11075000.0,DFSK,Glory,I Auto Fully Loaded,2023,Used,Automatic,SUV / 4x4,Petrol,1500.0,98000.0
6600000.0,Toyota,Corolla,LX (ZZE-141 R) Auto,2008,Used,Automatic,,Petrol,1590.0,220000.0
13850000.0,Toyota,CHR,NGX 10-GT (22000 km),2018,Used,Automatic,,Petrol,1200.0,22000.0
10700000.0,Toyota,Raize,Z Grade,2020,Used,Automatic,Hatchback,Petrol,1000.0,75000.0
3075000.0,Nissan,Serena,Vx Auto,1995,Used,Automatic,MPV,Diesel,2000.0,131999.0
7500000.0,Toyota,Vitz,KSP130 Safty pakge,2017,Used,Automatic,Hatchback,Petrol,1000.0,130000.0
57500000.0,Land Rover,Range Rover Sport,2018,2018,Used,Tiptronic,SUV / 4x4,Petrol,2000.0,40389.0
11200000.0,Toyota,Premio,Toyota,2013,Used,Automatic,Saloon,Petrol,1500.0,118000.0
11600000.0,Toyota,Corolla,AXIO -27000 km,2017,Used,Automatic,,Petrol,1300.0,27000.0
65000000.0,Mercedes Benz,S300,LWHEEL DIESEL HYBRID,2017,Used,Automatic,Saloon,Hybrid,2140.0,49800.0
76000000.0,Toyota,Land Cruiser Sahara,VX-V8 DIESEL BLACK,2015,Used,Automatic,SUV / 4x4,Diesel,4461.0,105000.0
12850000.0,Mitsubishi,Montero,MONTERO SPORT,2011,Used,Automatic,SUV / 4x4,Diesel,2500.0,147700.0
54500000.0,Land Rover,Range Rover,RANGE ROVER SPORT,2018,Used,Automatic,SUV / 4x4,Diesel,2000.0,31000.0
7750000.0,Toyota,RAV4,G Grade,2008,Used,Automatic,SUV / 4x4,Petrol,2000.0,145000.0
31900000.0,Land Rover,Discovery,Land Rover,2015,Used,Tiptronic,SUV / 4x4,Diesel,3000.0,102000.0
4690000.0,Nissan,Bluebird,FG10 sylphy ,2003,Used,Automatic,Saloon,Petrol,1500.0,195000.0
3975000.0,Chevrolet,Aveo,LS,2008,Used,Manual,Saloon,Petrol,1400.0,127000.0
9950000.0,Kia,Sorento,,2011,Used,Automatic,SUV / 4x4,Diesel,2200.0,180000.0
11000000.0,Toyota,Prius,3rd Generation,2012,Used,Automatic,Saloon,Hybrid,1800.0,155000.0
11700000.0,Peugeot,3008,,2016,Used,Tiptronic,Hatchback,Diesel,1199.0,122000.0
4900000.0,Suzuki,Swift,Suzuki,2005,Used,Automatic,Hatchback,Petrol,1300.0,115000.0
8350000.0,Toyota,Axio,G Grade,2015,Used,Automatic,Saloon,Hybrid,1500.0,91000.0
12500000.0,Ford,Focus,Titanium Eco Boost,2018,Used,Tiptronic,Saloon,Petrol,1000.0,93000.0
3500000.0,Suzuki,Wagon R,VXI,2006,Used,Manual,Hatchback,Petrol,1061.0,62520.0
2750000.0,Hyundai,Elantra,,1999,Used,Automatic,Saloon,Petrol,1599.0,60200.0
1175000.0,Mitsubishi,Lancer,,1979,Used,Manual,Saloon,Petrol,1400.0,40000.0
2475000.0,Suzuki,Maruti,,2007,Used,Manual,Hatchback,Petrol,800.0,70000.0
6200000.0,Suzuki,Swift,,2010,Used,Automatic,Hatchback,Petrol,1300.0,75000.0
4550000.0,Suzuki,Alto,K10,2016,Used,Automatic,Hatchback,Petrol,998.0,105000.0
14650000.0,Audi,A3,S-line,2018,Used,Tiptronic,Saloon,Petrol,1000.0,34027.0
6850000.0,Toyota,Vitz,Toyota Vitz KSP-130,2013,Used,Automatic,Hatchback,Petrol,990.0,98200.0
8000000.0,Toyota,Aqua,,2015,Used,Automatic,Hatchback,Hybrid,1500.0,125000.0
145000000.0,Porsche,911 Carrera,Porsche 911 Carrera.,2024,Used,Automatic,Coupé/Sports,Petrol,3000.0,2700.0
5200000.0,Hyundai,Other Model,Kyron,2007,Used,Automatic,Station wagon,Diesel,2400.0,145000.0
16200000.0,Mini,Cooper,Mini,2016,Used,Tiptronic,Hatchback,Petrol,1500.0,76800.0
8250000.0,Toyota,Vitz,Safety Edition 03,2019,Used,Automatic,Hatchback,Petrol,1000.0,95000.0
10700000.0,Honda,Vezel,Orange Package,2015,Used,Automatic,Hatchback,Hybrid,1500.0,45000.0
5975000.0,Suzuki,Hustler,J STYLE TURBO HIGHST,2016,Used,Automatic,Hatchback,Hybrid,660.0,86500.0
8400000.0,Toyota,Vitz,,2018,Used,Automatic,Hatchback,Petrol,990.0,61000.0
8200000.0,Honda,Fit,,2015,Used,Automatic,Hatchback,Petrol,1500.0,90000.0
11475000.0,Toyota,Premio,G SUPERIOR,2014,Used,Automatic,Saloon,Petrol,1500.0,116000.0
1950000.0,Honda,Civic,Grand civic efi,1989,Used,Manual,Saloon,Petrol,1500.0,180000.0
3625000.0,Suzuki,Alto,800 LXI,2015,Used,Manual,Hatchback,Petrol,800.0,148000.0
9850000.0,Toyota,Premio,,2012,Used,Automatic,Saloon,Petrol,1500.0,172659.0
5200000.0,Suzuki,Wagon R,,2014,Used,Automatic,Hatchback,Petrol,650.0,13500.0
12850000.0,Mitsubishi,Eclipse Cross,,2018,Used,Automatic,SUV / 4x4,Petrol,1500.0,73000.0
11000000.0,Toyota,Yaris Ativ,,2019,Used,Automatic,Saloon,Petrol,1200.0,210000.0
12000000.0,Nissan,Teana,J32,2010,Used,Automatic,Saloon,Petrol,2500.0,178000.0
3390000.0,Suzuki,Alto,2015,2015,Used,Manual,Hatchback,Petrol,800.0,230000.0
2800000.0,Micro,Panda,,2015,Used,Manual,,Petrol,1000.0,90000.0
41500000.0,BMW,X5,M Sport,2018,Used,Automatic,SUV / 4x4,Diesel,2000.0,72000.0
12900000.0,Mitsubishi,L200,L200,2016,Used,Manual,SUV / 4x4,Diesel,2500.0,165000.0
26500000.0,Mercedes Benz,E200,E200 AMG,2016,Used,Tiptronic,Saloon,Petrol,2000.0,39500.0
7150000.0,Toyota,Aqua,Toyota Aqua,2014,Used,Automatic,Hatchback,Hybrid,1500.0,130000.0
3150000.0,Micro,MX 7,2012,2012,Used,Manual,Saloon,Petrol,1500.0,182500.0
15450000.0,Audi,Q2,TFSI 23000 KM,2020,Used,Automatic,SUV / 4x4,Petrol,1000.0,23000.0
2840000.0,Nissan,Pulsar,,1997,Used,Automatic,,Petrol,1500.0,100000.0
5100000.0,Daihatsu,Terios,,2001,Used,Automatic,,Petrol,650.0,195195.0
40000000.0,Ford,Mustang,Mach E,2024,Used,Automatic,SUV / 4x4,Electric,198.0,19000.0
14500000.0,Volkswagen,Tiguan,2018,2018,Used,Automatic,SUV / 4x4,Petrol,1399.0,78000.0
20750000.0,Mercedes Benz,C160,,2018,Used,Automatic,Saloon,Petrol,1600.0,76000.0
3675000.0,Suzuki,Alto,LXI  CAK-,2015,Used,Manual,Hatchback,Petrol,800.0,87000.0
5800000.0,Mitsubishi,L200,K34T,1992,Used,Manual,SUV / 4x4,Diesel,2470.0,253758.0
13500000.0,Toyota,Allion,260 A15 G Plus ,2016,Used,Automatic,Saloon,Petrol,1500.0,108000.0
4760000.0,Toyota,Passo,Toyota,2007,Used,Automatic,Hatchback,Petrol,990.0,162000.0
13490000.0,Toyota,CHR,GT Turbo 2WD,2018,Used,Automatic,Hatchback,Petrol,1200.0,86000.0
2175000.0,Maruti,Other Model,Suzuki 800,2007,Used,Manual,Saloon,Petrol,800.0,131200.0
15950000.0,Toyota,Premio,G Superior ,2018,Used,Automatic,Saloon,Petrol,1500.0,78000.0
775000.0,Nissan,AD Wagon,,1985,Used,Manual,Station wagon,Petrol,1500.0,31222.0
85000000.0,Land Rover,Range Rover,P400e  LWB Comfort +,2019,Used,Automatic,SUV / 4x4,Petrol,2000.0,78000.0
44500000.0,BMW,740Le,xDrive Individual ,2016,Used,Automatic,Saloon,Petrol,2000.0,33500.0
8800000.0,Toyota,Premio,,2008,Used,Automatic,Saloon,Petrol,1500.0,165000.0
3690000.0,Suzuki,Estilo,Zen,2011,Used,Manual,Hatchback,Petrol,998.0,141000.0
23500000.0,BMW,X5,xDrive40e M Sport,2016,Used,Automatic,SUV / 4x4,Petrol,2000.0,120000.0
17800000.0,BMW,318i,Luxury Edition,2016,Used,Automatic,Saloon,Petrol,1500.0,64000.0
36500000.0,Audi,Q7,3.0L 45 TFSI,2016,Used,Automatic,SUV / 4x4,Petrol,3000.0,71000.0
7150000.0,Toyota,Vitz,Safety Edition,2015,Used,Automatic,Hatchback,Petrol,990.0,141000.0
4975000.0,Toyota,Corolla,121 DICKY LIGHT JN-,2004,Used,Manual,Saloon,Petrol,1300.0,220000.0
8950000.0,Hyundai,Santa Fe,fully loaded,2011,Used,Automatic,SUV / 4x4,Diesel,2200.0,226250.0
16500000.0,Toyota,Voxy,,2014,Used,Automatic,Station wagon,Petrol,1800.0,382000.0
37650000.0,Land Rover,Discovery,5,2019,Used,Automatic,SUV / 4x4,Diesel,2000.0,142500.0
19500000.0,Land Rover,Defender,2015,2015,Used,Automatic,SUV / 4x4,Diesel,2500.0,160000.0
34590000.0,BMW,i4,eDrive40  M SPORT ,2022,Used,Automatic,Saloon,Electric,250.0,18000.0
48590000.0,Mercedes Benz,EQE 300,AMG PREMIUM PLUS ,2024,Used,Automatic,Station wagon,Electric,180.0,20000.0
12000000.0,Honda,City,Vtec Turbo/Auto,2024,Used,Automatic,Saloon,Petrol,1000.0,7000.0
22150000.0,Ford,Ranger,XLT,2018,Used,Automatic,,Diesel,3200.0,86000.0
10500000.0,Honda,Jade,Hybrid,2016,Used,Automatic,Station wagon,Hybrid,1500.0,97000.0
3800000.0,Suzuki,Alto,800,2015,Used,Manual,Hatchback,Petrol,800.0,79000.0
6960000.0,Suzuki,Wagon R Stingray,2018,2018,Used,Automatic,Hatchback,Petrol,658.0,168000.0
9590000.0,DFSK,Glory,"I AUTO 40,000KMS",2022,Used,Automatic,SUV / 4x4,Petrol,1500.0,40000.0
2500000.0,Kia,Clarus,,2000,Used,Automatic,Saloon,Diesel,1970.0,120000.0
4150000.0,Hyundai,Eon,Hyundai,2016,Used,Manual,Hatchback,Petrol,800.0,73000.0
3650000.0,Zotye,Z100,,2021,Used,Manual,Hatchback,Petrol,1000.0,18000.0
25500000.0,Mercedes Benz,C200,PREMIUM PLUS AIRMATI,2019,Used,Automatic,Saloon,Petrol,1500.0,84000.0
2475000.0,Toyota,Corsa,46866,1993,Used,Manual,Hatchback,Diesel,1500.0,251285.0
17500000.0,Porsche,Cayenne,S Hybrid 2013,2013,Used,Tiptronic,SUV / 4x4,Hybrid,3000.0,93000.0
6650000.0,Toyota,Corolla,141,2007,Used,Automatic,Saloon,Petrol,1794.0,129690.0
26950000.0,Toyota,Land Cruiser Prado,150 TX,2011,Used,Automatic,SUV / 4x4,Petrol,2700.0,125814.0
4400000.0,Hyundai,Eon,Magna,2017,Used,Manual,,Petrol,800.0,126000.0
25000000.0,Land Rover,Discovery,4 Vogue,2013,Used,Automatic,SUV / 4x4,Diesel,3000.0,193000.0
11000000.0,Nissan,X-Trail,Hybrid,2016,Used,Automatic,Station wagon,Petrol,1990.0,160000.0
7690000.0,Toyota,Vitz,2017,2017,Used,Automatic,Hatchback,Petrol,1000.0,45000.0
7450000.0,Toyota,Tank,,2017,Used,Automatic,Saloon,Petrol,1000.0,93000.0
3625000.0,Nissan,March,K11,2001,Used,Automatic,Hatchback,Petrol,990.0,198500.0
9300000.0,Honda,Freed,,2013,Used,Automatic,Station wagon,Petrol,1490.0,90500.0
5790000.0,Nissan,Dayz,,2015,Used,Automatic,Station wagon,Petrol,650.0,49860.0
26500000.0,Land Rover,Range Rover,Sport V8,2008,Used,Automatic,SUV / 4x4,Diesel,4400.0,90000.0
61500000.0,Toyota,Land Cruiser Prado,Highest Spec,2017,Used,Automatic,SUV / 4x4,Diesel,2800.0,29000.0
4300000.0,Toyota,Hilux,LN46,1982,Used,Manual,SUV / 4x4,Diesel,2160.0,166920.0
14450000.0,Mitsubishi,Montero,SPORT DIESEL 2012,2012,Used,Automatic,SUV / 4x4,Diesel,2500.0,161000.0
11475000.0,Honda,Vezel,RS Sensing ,2017,Used,Automatic,SUV / 4x4,Hybrid,1500.0,118000.0
9324000.0,Toyota,Premio,,2007,Used,Automatic,Saloon,Petrol,1500.0,160000.0
8250000.0,Toyota,Aqua,Aqua X-Urban Face,2015,Used,Automatic,Hatchback,Hybrid,1500.0,85000.0
8950000.0,Suzuki,Swift,,2018,Used,Automatic,Hatchback,Petrol,1000.0,50000.0
3650000.0,Suzuki,Swift,2001,2001,Used,Automatic,Hatchback,Petrol,1320.0,180800.0
9700000.0,Mitsubishi,L200,2007,2007,Used,Manual,SUV / 4x4,Diesel,2500.0,185000.0
3825000.0,Suzuki,Alto,,2014,Used,Manual,Hatchback,Petrol,800.0,96500.0
10500000.0,Toyota,Axio,,2015,Used,Automatic,Saloon,Hybrid,1500.0,81000.0
5950000.0,Nissan,Dayz,Registered 2018,2015,Used,Automatic,Hatchback,Petrol,660.0,33000.0
10000000.0,Kia,Sorento,,2011,Used,Automatic,SUV / 4x4,Diesel,2200.0,182000.0
2300000.0,Nissan,Sunny,Nissan,1994,Used,Manual,Saloon,Petrol,1250.0,250000.0
13100000.0,Mitsubishi,Montero,75,2003,Used,Automatic,SUV / 4x4,Petrol,3000.0,129000.0
675000.0,Nissan,Sunny,B310,1983,Used,Manual,Saloon,Petrol,1400.0,165000.0
2500000.0,Suzuki,Maruti,2006,2006,Used,Manual,Hatchback,Petrol,993.0,67190.0
24500000.0,Audi,Q7,40TFSI BEIGE INT,2016,Used,Automatic,SUV / 4x4,Petrol,1990.0,89000.0
6850000.0,Honda,Insight,,2010,Used,Automatic,Hatchback,Hybrid,1339.0,105000.0
11900000.0,Mitsubishi,Lancer,EX,2014,Used,Automatic,Saloon,Petrol,1600.0,169000.0
2600000.0,Hyundai,Accent,,2001,Used,Manual,,Petrol,1500.0,120000.0
3500000.0,Volkswagen,Beetle,Car Used,1971,Used,Manual,Hatchback,Petrol,1300.0,100000.0
13450000.0,Audi,Q5,SLine Premium ,2011,Used,Automatic,SUV / 4x4,Petrol,2000.0,87500.0
32500000.0,Mercedes Benz,CLA45,S AMG Premium Plus ,2016,Used,Automatic,Coupé/Sports,Petrol,2000.0,55000.0
16500000.0,Honda,Vezel,X Hunt,2024,Used,Automatic,SUV / 4x4,Hybrid,1500.0,17000.0
45950000.0,Toyota,Land Cruiser Prado,TZG Cruiser Prado ,2017,Used,Automatic,SUV / 4x4,Diesel,3000.0,67500.0
16800000.0,BMW,X1,S Drive 18i,2018,Used,Automatic,SUV / 4x4,Petrol,1500.0,96300.0
7750000.0,Toyota,Aqua,,2014,Used,Automatic,,Hybrid,1496.0,88000.0
40000000.0,Mercedes Benz,EQB 300, AMG Line,2023,Used,Automatic,SUV / 4x4,Electric,125.0,14000.0
56500000.0,Mercedes Benz,E200,Benz E200 Cabriolet ,2023,Used,Automatic,Convertible,Petrol,1500.0,9000.0
23800000.0,BMW,318i,M Sport Shadow,2018,Used,Automatic,Saloon,Petrol,1500.0,39000.0
11000000.0,Nissan,X-Trail,T-32,2014,Used,Automatic,SUV / 4x4,Petrol,2000.0,96000.0
10800000.0,Toyota,Axio,Axio Hybrid,2016,Used,Automatic,Saloon,Hybrid,1490.0,103119.0
75500000.0,Land Rover,Range Rover,Autobiography LWB,2020,Used,Automatic,SUV / 4x4,Hybrid,2000.0,52000.0
11250000.0,Toyota,Prius,,2013,Used,Automatic,Saloon,Petrol,1800.0,137000.0
5800000.0,Ssang Yong,Actyon,2009,2009,Used,Automatic,SUV / 4x4,Diesel,2000.0,181670.0
2780000.0,Toyota,Starlet,1991,1991,Used,Automatic,Hatchback,Diesel,1500.0,230000.0
22950000.0,Mercedes Benz,E200,AMG Cabriolet,2012,Used,Automatic,Convertible,Petrol,1800.0,11000.0
15400000.0,Peugeot,3008,Gt Line,2018,Used,Automatic,SUV / 4x4,Petrol,1200.0,25000.0
4650000.0,Nissan,Sunny,n16,2021,Used,Manual,Saloon,Petrol,1466.0,184177.0
10600000.0,Toyota,Prius,S Touring 2013,2013,Used,Automatic,Saloon,Hybrid,1800.0,100000.0
8500000.0,Toyota,Premio,NZT260,2008,Used,Automatic,Saloon,Petrol,1490.0,355000.0
18950000.0,BMW,740Li,LONG WHEEL FULL SPEC,2011,Used,Automatic,Saloon,Petrol,3000.0,90000.0
9600000.0,Honda,Freed,,2013,Used,Automatic,MPV,Petrol,1490.0,19000.0
37500000.0,Toyota,Land Cruiser Sahara,LC 200,2008,Used,Automatic,SUV / 4x4,Petrol,4200.0,244000.0
35000000.0,Audi,e-tron,Audi,2024,Used,Automatic,SUV / 4x4,Electric,230.0,5500.0
35875000.0,BMW,X5,M Sport Plus ,2016,Used,Automatic,SUV / 4x4,Petrol,2000.0,49000.0
17800000.0,Toyota,Hilux,2016,2016,Used,Automatic,SUV / 4x4,Diesel,2800.0,130000.0
7100000.0,Toyota,Allion,240,2005,Used,Automatic,Saloon,Petrol,1500.0,195000.0
21000000.0,Mercedes Benz,C180,,2017,Used,Automatic,Saloon,Petrol,1600.0,85000.0
14650000.0,Toyota,Yaris Cross,(Non-Hybrid) Embassy,2022,Used,Automatic,SUV / 4x4,Petrol,1500.0,25000.0
5895000.0,Perodua,Axia,Axia G,2016,Used,Automatic,Hatchback,Petrol,998.0,69000.0
6575000.0,Suzuki,Ertiga,07 Seater,2018,Used,Automatic,MPV,Petrol,1400.0,180000.0
15700000.0,Toyota,Premio,2019,2019,Used,Automatic,Saloon,Petrol,1499.0,96026.0
5375000.0,Perodua,Axia,G-Grade,2017,Used,Automatic,Hatchback,Petrol,998.0,119750.0
7050000.0,Suzuki,Wagon R Stingray,,2018,Used,Automatic,Hatchback,Hybrid,650.0,80099.0
6875000.0,Toyota,Yaris,,2008,Used,Automatic,Saloon,Petrol,1298.0,147970.0
8990000.0,MG,ZS,,2019,Used,Automatic,SUV / 4x4,Petrol,999.0,38254.0
5600000.0,Suzuki,Wagon R,2014,2014,Used,Automatic,Hatchback,Petrol,650.0,188000.0
12500000.0,Toyota,Premio,G Superior,2013,Used,Automatic,Saloon,Petrol,1490.0,76000.0
3265000.0,Nissan,March,,1999,Used,Automatic,,Petrol,990.0,162324.0
6650000.0,Honda,Fit,GP1,2012,Used,Automatic,Hatchback,Hybrid,1330.0,93660.0
64500000.0,Land Rover,Range Rover Sport,Petrol,2018,Used,Automatic,SUV / 4x4,Petrol,2000.0,83000.0
16000000.0,Toyota,Premio,,2018,Used,Automatic,Saloon,Petrol,1499.0,80000.0
4495000.0,Toyota,Carina,,1998,Used,Automatic,,Diesel,1970.0,236653.0
17950000.0,Mitsubishi,Outlander,Navi Premium PHEV,2016,Used,Automatic,SUV / 4x4,Hybrid,2000.0,125000.0
13000000.0,Audi,Q2,,2019,Used,Automatic,SUV / 4x4,Petrol,1000.0,89000.0
3585000.0,Suzuki,Alto,ALTO 800,2015,Used,Manual,Hatchback,Petrol,800.0,94000.0
15750000.0,Mitsubishi,Outlander,PHEV,2015,Used,Automatic,SUV / 4x4,Hybrid,2000.0,104000.0
13000000.0,Honda,Civic,EX,2018,Used,Automatic,Hatchback,Petrol,1000.0,99000.0
6500000.0,Toyota,Vitz,2014,2014,Used,Automatic,Hatchback,Petrol,1000.0,200000.0
18150000.0,Land Rover,Range Rover Evoque,Evoque,2013,Used,Automatic,SUV / 4x4,Diesel,2200.0,125000.0
2690000.0,Nissan,March,K11,1998,Used,Manual,Coupé/Sports,Petrol,1300.0,112400.0
5495000.0,Peugeot,407,,2007,Used,Manual,,Petrol,1749.0,137000.0
7450000.0,Honda,Civic,FD 1,2006,Used,Automatic,Saloon,Petrol,1800.0,113000.0
6000000.0,Mahindra,KUV 100,,2022,Used,Automatic,Hatchback,Diesel,1198.0,81500.0
20700000.0,Kia,Sorento,1 TO 24,2015,Used,Automatic,SUV / 4x4,Diesel,2200.0,94000.0
8490000.0,Toyota,Allion,NZT260,2007,Used,Automatic,Saloon,Petrol,1500.0,195000.0
20500000.0,Land Rover,Freelander,2 TD4,2013,Used,Tiptronic,SUV / 4x4,Diesel,2200.0,53000.0
720000.0,Nissan,Other Model,B310,1978,Used,Manual,Saloon,Petrol,1200.0,96568.0
3950000.0,Nissan,Sunny,FB 15,2002,Used,Automatic,Saloon,Petrol,1490.0,313000.0
1350000.0,Mitsubishi,Lancer,,1986,Used,Manual,Station wagon,Petrol,1400.0,65210.0
3895000.0,Toyota,Corona,PREMIO,1995,Used,Automatic,,Petrol,1500.0,263175.0
7250000.0,Suzuki,Wagon R,FX SILVER ,2023,Used,Automatic,Hatchback,Petrol,660.0,13000.0
750000.0,Toyota,Corolla,corolla,1980,Used,Manual,Saloon,Petrol,1300.0,456321.0
15900000.0,Mercedes Benz,GLA 200,Urban,2017,Used,Automatic,SUV / 4x4,Petrol,1599.0,105000.0
28500000.0,Mercedes Benz,EQB,250 ,2024,Used,Automatic,SUV / 4x4,Petrol,1300.0,7000.0
6100000.0,Nissan,Dayz,Highway Star,2016,Used,Automatic,Hatchback,Petrol,660.0,115000.0
25000000.0,Toyota,Hilux,ROCCO,2025,Used,Automatic,SUV / 4x4,Diesel,2800.0,2800.0
5000000.0,Chrysler,Other Model,Grand Vouger,2004,Used,Automatic,MPV,Petrol,3300.0,75000.0
11275000.0,Toyota,Prius,Highest Spec,2013,Used,Automatic,Saloon,Hybrid,1800.0,50000.0
17500000.0,Land Rover,Range Rover Evoque,2013,2013,Used,Automatic,SUV / 4x4,Diesel,2000.0,73000.0
18850000.0,Mercedes Benz,GLA 180,,2018,Used,Automatic,SUV / 4x4,Petrol,1600.0,81000.0
6275000.0,Toyota,Corolla,121 X Grade,2002,Used,Manual,Saloon,Diesel,2200.0,140000.0
4850000.0,Suzuki,Celerio,VXI,2015,Used,Automatic,Hatchback,Petrol,1000.0,142000.0
7150000.0,Suzuki,Wagon R Stingray,2018,2018,Used,Automatic,Hatchback,Petrol,650.0,130000.0
7275000.0,Ford,Ecosport,Titanium,2017,Used,Automatic,SUV / 4x4,Petrol,1500.0,160000.0
5195000.0,Suzuki,Other Model,JAPAN ALTO,2016,Used,Automatic,,Petrol,650.0,89171.0
6975000.0,Ford,Ecosport,Titanium,2015,Used,Automatic,SUV / 4x4,Petrol,1500.0,120000.0
3350000.0,Suzuki,Wagon R,,2003,Used,Manual,,Petrol,990.0,206000.0
7975000.0,Honda,CRV,Fully Loaded,2011,Used,Automatic,SUV / 4x4,Petrol,2000.0,180000.0
7300000.0,Toyota,Vitz,2016,2016,Used,Automatic,Hatchback,Petrol,1000.0,110200.0
26500000.0,BMW,X5,M Sport -F15,2016,Used,Automatic,SUV / 4x4,Hybrid,1997.0,42300.0
3450000.0,Suzuki,Alto,K10,2011,Used,Manual,Hatchback,Petrol,1000.0,220000.0
17500000.0,Mitsubishi,Montero,V78 GLS Shogun ,2007,Used,Tiptronic,SUV / 4x4,Diesel,3200.0,155000.0
14800000.0,Mitsubishi,Montero,Montero Sport,2011,Used,Tiptronic,SUV / 4x4,Diesel,2500.0,131800.0
10500000.0,Honda,Vezel,Z Sensing,2016,Used,Automatic,SUV / 4x4,Hybrid,1500.0,93000.0
2425000.0,Maruti Suzuki,800,,2011,Used,Manual,,Petrol,800.0,84000.0
5975000.0,Toyota,Yaris,,2021,Used,Automatic,Saloon,Diesel,1300.0,130000.0
5875000.0,Toyota,Corolla,NZE 121 ,2003,Used,Automatic,Saloon,Petrol,1500.0,175000.0
22500000.0,BMW,520d,ORIGINAL MSPORT ,2014,Used,Automatic,Saloon,Diesel,2000.0,190000.0
3850000.0,Suzuki,Alto,Suzuki Alto 2015,2015,Used,Manual,Hatchback,Petrol,796.0,194000.0
780000.0,Toyota,Corolla,1985,1987,Used,Manual,Saloon,Petrol,1200.0,50000.0
11000000.0,Mitsubishi,Outlander,G Premium,2014,Used,Automatic,Station wagon,Hybrid,2000.0,123000.0
9900000.0,DFSK,Glory,Auto I,2022,Used,Automatic,SUV / 4x4,Petrol,1500.0,56000.0
13000000.0,Mitsubishi,Eclipse Cross,,2019,Used,Automatic,SUV / 4x4,Petrol,1500.0,105000.0
5000000.0,Toyota,Vitz,KSP 90,2005,Used,Automatic,Hatchback,Petrol,990.0,149000.0
9475000.0,Honda,Vezel,Honda,2014,Used,Automatic,Hatchback,Hybrid,1500.0,112000.0
6000000.0,Mitsubishi,Strada,,1996,Used,Manual,SUV / 4x4,Diesel,2470.0,39000.0
12550000.0,Toyota,CHR,NGX 10 GT 2WD,2018,Used,Automatic,Station wagon,Petrol,1200.0,98000.0
16250000.0,Mercedes Benz,E300,AMG PREMIUM EDITION ,2015,Used,Automatic,Saloon,Diesel,2000.0,75000.0
8750000.0,Honda,Fit Shuttle,GP2,2012,Used,Automatic,Station wagon,Hybrid,1300.0,200000.0
7200000.0,Perodua,Bezza,2018,2018,Used,Automatic,Saloon,Petrol,1000.0,85790.0
11500000.0,Honda,CRV,,2013,Used,Automatic,SUV / 4x4,Petrol,2000.0,134373.0
3590000.0,Suzuki,Alto,2015,2015,Used,Manual,Hatchback,Petrol,800.0,97000.0
2975000.0,Zotye,Z100,,2016,Used,Manual,Hatchback,Petrol,1000.0,80000.0
9375000.0,Honda,Vezel,Z Grade ,2015,Used,Automatic,SUV / 4x4,Hybrid,1500.0,110000.0
6700000.0,Nissan,Leaf,,2014,Used,Automatic,Hatchback,Electric,80.0,111350.0
2200000.0,Toyota,Corona,,1988,Used,Manual,Saloon,Petrol,1500.0,212000.0
2000000.0,Nissan,Sunny,,1987,Used,Manual,Saloon,Petrol,1500.0,300000.0
13285000.0,Mitsubishi,Eclipse Cross,Highest Grade,2018,Used,Automatic,SUV / 4x4,Petrol,1500.0,80000.0
7150000.0,Toyota,Vitz,Safety Edition,2016,Used,Automatic,Hatchback,Petrol,1000.0,93193.0
6850000.0,Honda,Insight,ZE2,2009,Used,Automatic,Saloon,Petrol,1330.0,173000.0
6690000.0,Daihatsu,Move,Custom Turbo G Grade,2017,Used,Automatic,Hatchback,Petrol,650.0,71890.0
800000.0,Honda,Beat,,1998,Used,Manual,Saloon,Petrol,2000.0,300000.0
1849000.0,Tata,GenX Nano,Nano Twist XT,2014,Used,Manual,Hatchback,Petrol,624.0,184000.0
33000000.0,Jeep,Wrangler,Sports,2015,Used,Automatic,SUV / 4x4,Diesel,3000.0,130000.0
50800000.0,Toyota,Land Cruiser Prado,TX,2023,Used,Automatic,SUV / 4x4,Petrol,2700.0,29000.0
19500000.0,Mercedes Benz,C180,AMG,2016,Used,Automatic,Saloon,Petrol,1600.0,110000.0
15000000.0,Peugeot,5008,GT Line Full Spec,2019,Used,Automatic,SUV / 4x4,Petrol,1200.0,75000.0
14250000.0,Mitsubishi,Eclipse Cross,Dual Sunroof,2020,Used,Automatic,SUV / 4x4,Petrol,1500.0,55000.0
12950000.0,Toyota,Prius,4th Gen,2016,Used,Automatic,Station wagon,Hybrid,1800.0,154300.0
6090000.0,Suzuki,Wagon R FX,,2018,Used,Automatic,Hatchback,Hybrid,650.0,86436.0
6990000.0,Suzuki,Wagon R Stingray,,2017,Used,Automatic,Hatchback,Hybrid,650.0,93732.0
17500000.0,Toyota,Premio,G Superior,2019,Used,Automatic,Saloon,Petrol,1490.0,48536.0
8575000.0,Hyundai,Santa Fe,,2011,Used,Automatic,SUV / 4x4,Diesel,2199.0,125015.0
5950000.0,Nissan,Tiida,,2010,Used,Automatic,Saloon,Petrol,1490.0,234806.0
5475000.0,Daihatsu,Mira,,2017,Used,Automatic,Hatchback,Petrol,650.0,58830.0
8990000.0,Kia,Sportage,,2013,Used,Automatic,Hatchback,Petrol,1995.0,193356.0
46000000.0,Land Rover,Range Rover,,2018,Used,Automatic,SUV / 4x4,Diesel,2000.0,45500.0
5025000.0,Toyota,Passo,KGC10,2009,Used,Automatic,Hatchback,Petrol,990.0,127000.0
21750000.0,BMW,X1,M SPORT ,2020,Used,Automatic,,Petrol,1500.0,34000.0
13750000.0,Audi,Q3,TFSI,2016,Used,Tiptronic,SUV / 4x4,Petrol,1400.0,90000.0
2150000.0,Suzuki,Maruti,,2005,Used,Manual,Hatchback,Petrol,800.0,74000.0
12800000.0,BMW,530d,M Sport,2006,Used,Manual,Saloon,Diesel,3000.0,105942.0
3700000.0,Nissan,March,K12,2002,Used,Automatic,,Petrol,1000.0,232600.0
11990000.0,Mitsubishi,Outlander,PLUG IN HYBRID,2015,Used,Automatic,SUV / 4x4,Hybrid,2000.0,147000.0
3630000.0,Toyota,Corolla,110 (EE111),1995,Used,Automatic,Saloon,Petrol,1300.0,165500.0
4250000.0,Toyota,Vitz,Scp10,2003,Used,Automatic,Saloon,Petrol,1000.0,115153.0
3285000.0,Hyundai,Accent,,2001,Used,Automatic,Hatchback,Petrol,1000.0,175000.0
3050000.0,Honda,Accord,1994,1994,Used,Manual,Saloon,Petrol,2000.0,180000.0
8450000.0,Toyota,Aqua,,2015,Used,Automatic,Hatchback,Petrol,1500.0,97400.0
115000000.0,BMW,i7,M-Sport Registered,2024,Used,Automatic,Saloon,Electric,700.0,9500.0
20000000.0,Honda,CRV,Black Leather,2018,Used,Automatic,SUV / 4x4,Petrol,1500.0,38200.0
4685000.0,Perodua,Viva Elite,,2011,Used,Automatic,Hatchback,Petrol,1000.0,105000.0
6885000.0,Suzuki,Wagon R,Premium ,2018,Used,Automatic,Hatchback,Hybrid,650.0,82143.0
4690000.0,Toyota,IST,,2002,Used,Automatic,Hatchback,Petrol,1300.0,190000.0
6150000.0,Toyota,Wigo,Wigo G Grand,2017,Used,Automatic,Hatchback,Petrol,1000.0,30000.0
9875000.0,Toyota,Aqua,S Unregistered,2014,Used,Automatic,Hatchback,Hybrid,1500.0,24000.0
2450000.0,Micro,Panda,,2013,Used,Manual,Hatchback,Petrol,1000.0,88500.0
7990000.0,Toyota,Aqua,G Leather Edition,2015,Used,Automatic,Hatchback,Hybrid,1500.0,150000.0
6400000.0,Honda,Fit,GP1,2012,Used,Automatic,Hatchback,Hybrid,1300.0,105000.0
4550000.0,Toyota,Carina,,1997,Used,Automatic,Hatchback,Petrol,1500.0,195000.0
8900000.0,Toyota,Axio,Axio Hybrid,2014,Used,Automatic,Saloon,Hybrid,1500.0,142000.0
3750000.0,Chevrolet,Cruze,,2002,Used,Automatic,Hatchback,Petrol,1320.0,110900.0
21000000.0,Toyota,Harrier,Advance Premium,2014,Used,Automatic,SUV / 4x4,Petrol,2000.0,103000.0
5550000.0,Suzuki,Celerio,,2016,Used,Automatic,Hatchback,Petrol,1000.0,85329.0
12100000.0,Kia,Other Model,Sonet GTX+,2025,Used,Automatic,SUV / 4x4,Petrol,1000.0,300.0
5450000.0,Suzuki,Celerio,,2015,Used,Automatic,Hatchback,Petrol,1000.0,79000.0
5600000.0,Suzuki,Alto,,2017,Used,Automatic,Hatchback,Petrol,650.0,95000.0
4510000.0,Mitsubishi,4DR,,1967,Used,Manual,SUV / 4x4,Diesel,2000.0,300000.0
6200000.0,Honda,Fit,GP 1,2011,Used,Automatic,Hatchback,Petrol,1300.0,128000.0
8250000.0,Toyota,Axio,X,2014,Used,Automatic,Saloon,Hybrid,1500.0,100000.0
11700000.0,Daihatsu,Rocky,,2022,Used,Automatic,Hatchback,Petrol,1200.0,45000.0
33500000.0,BMW,430i,M-Sport,2017,Used,Automatic,Convertible,Petrol,2000.0,54000.0
16000000.0,Toyota,Voxy,Voxy,2014,Used,Automatic,Station wagon,Petrol,1800.0,148000.0
9850000.0,Nissan,X-Trail,CAO,2015,Used,Automatic,Station wagon,Petrol,2000.0,160000.0
27500000.0,Porsche,Panamera,S Hybrid 3.0 V6,2011,Used,Automatic,Saloon,Hybrid,3000.0,27000.0
8500000.0,Toyota,Allion,2007,2007,Used,Automatic,Saloon,Petrol,1500.0,125000.0
6950000.0,Toyota,Axio,141,2007,Used,Automatic,Saloon,Petrol,1500.0,180000.0
28700000.0,BMW,530e,M SPORT PREMIUM ,2017,Used,Automatic,Saloon,Petrol,2000.0,77000.0
8850000.0,Suzuki,Wagon R,Custom Z Upgraded ZX,2025,Used,Automatic,Hatchback,Hybrid,660.0,6100.0
5550000.0,Suzuki,Celerio,,2015,Used,Automatic,Hatchback,Petrol,1000.0,86900.0
48000000.0,Mercedes Benz,GLE 300D,,2020,Used,Automatic,SUV / 4x4,Diesel,2000.0,98000.0
24500000.0,Toyota,Fortuner,High Spec,2016,Used,Automatic,SUV / 4x4,Diesel,2400.0,183266.0
5785000.0,Perodua,Axia,,2016,Used,Automatic,Hatchback,Petrol,1000.0,165000.0
7800000.0,Toyota,Roomy,Custom GT Turbo,2017,Used,Automatic,MPV,Petrol,990.0,43843.0
1600000.0,Nissan,Sunny,,1989,Used,Manual,Saloon,Petrol,1300.0,302400.0
6950000.0,Tata,Nexon,,2018,Used,Automatic,,Petrol,1200.0,124000.0
3412000.0,Suzuki,Alto,,2015,Used,Manual,Hatchback,Petrol,800.0,171000.0
5650000.0,Ssang Yong,Korando,,2013,Used,Automatic,SUV / 4x4,Diesel,2000.0,175000.0
8685000.0,Nissan,Leaf,,2014,Used,Automatic,Hatchback,Electric,70.0,23000.0
5185000.0,Kia,Picanto,,2011,Used,Automatic,Hatchback,Petrol,1000.0,110000.0
2900000.0,Tata,Nano,,2016,Used,Automatic,Hatchback,Petrol,624.0,83500.0
8750000.0,Toyota,Axio,G GRADE,2021,Used,Automatic,Saloon,Hybrid,1500.0,138000.0
5350000.0,Toyota,Vitz,,2008,Used,Automatic,Hatchback,Petrol,1000.0,162000.0
3375000.0,Zotye,Nomad,2,2011,Used,Manual,,Petrol,1499.0,123000.0
16000000.0,Kia,Carnival,Kia,2015,Used,Automatic,MPV,Diesel,2199.0,225000.0
8700000.0,Suzuki,Wagon R,Custom Z - Upgraded,2024,Used,Automatic,Hatchback,Petrol,650.0,8500.0
2575000.0,Suzuki,Alto,LXI,2006,Used,Manual,Hatchback,Petrol,800.0,119000.0
13200000.0,Nissan,X-Trail,7 Seater,2014,Used,Automatic,SUV / 4x4,Petrol,2000.0,92000.0
6300000.0,Honda,Fit,GP1 Hybrid,2011,Used,Automatic,Station wagon,Petrol,1300.0,193000.0
19250000.0,Honda,CRV,Masterpiece,2019,Used,Automatic,SUV / 4x4,Petrol,1500.0,71000.0
19700000.0,Toyota,Land Cruiser Prado,Land Cruiser Box,1995,Used,Manual,SUV / 4x4,Diesel,3000.0,134000.0
3750000.0,Nissan,Presea,R11,2000,Used,Automatic,Saloon,Petrol,1500.0,116000.0
8250000.0,Toyota,Allion,240,2016,Used,Automatic,Saloon,Petrol,1500.0,203500.0
8500000.0,Toyota,Aqua,Prius C,2014,Used,Automatic,Hatchback,Hybrid,1500.0,161000.0
4850000.0,Mitsubishi,Pajero,IO,1999,Used,Manual,SUV / 4x4,Petrol,1630.0,243338.0
51500000.0,Toyota,Land Cruiser Sahara,V8 200,2013,Used,Automatic,SUV / 4x4,Diesel,4400.0,126000.0
2490000.0,Morris,Mini,Morris Mini cooper,1959,Used,Automatic,Hatchback,Petrol,1300.0,625100.0
4450000.0,Suzuki,Swift,,2002,Used,Automatic,Hatchback,Petrol,1320.0,148332.0
2465000.0,Suzuki,Maruti,ZEN,2005,Used,Manual,,Petrol,993.0,161184.0
8200000.0,Hyundai,Santa Fe,Jeep Used,2012,Used,Tiptronic,SUV / 4x4,Diesel,2200.0,179000.0
48500000.0,Toyota,Land Cruiser Sahara,V8 ZX Bruno Cross,2015,Used,Automatic,SUV / 4x4,Petrol,4400.0,109000.0
2975000.0,Toyota,Tercel,1991,1991,Used,Automatic,Saloon,Petrol,1330.0,267500.0
16800000.0,Toyota,Fortuner,D4D V GRADE,2013,Used,Automatic,SUV / 4x4,Diesel,3000.0,150000.0
9200000.0,Honda,Vezel,2014,2014,Used,Automatic,SUV / 4x4,Hybrid,1500.0,65000.0
3800000.0,Maruti Suzuki,Alto,LXI,2015,Used,Manual,Hatchback,Petrol,800.0,86000.0
8895000.0,Honda,Vezel,Z Grade Orange ,2014,Used,Automatic,SUV / 4x4,Hybrid,1500.0,128000.0
7875000.0,Toyota,Vitz,Edition 2,2018,Used,Automatic,Hatchback,Petrol,1000.0,93000.0
85500000.0,Toyota,Land Cruiser Prado,LC250 1ST EDITION,2024,Used,Automatic,Station wagon,Diesel,2755.0,7000.0
6790000.0,Daihatsu,Terios,,2007,Used,Automatic,SUV / 4x4,Petrol,1500.0,145200.0
32000000.0,Mercedes Benz,EQB,250 AMGLine Premium+,2023,Used,Automatic,SUV / 4x4,Electric,140.0,33250.0
9500000.0,MG,ZS,,2019,Used,Automatic,SUV / 4x4,Petrol,1500.0,61900.0
37500000.0,Toyota,Land Cruiser Prado,,2016,Used,Automatic,,Petrol,2755.0,190000.0
1275000.0,Nissan,March,K10,1985,Used,Manual,Hatchback,Petrol,1000.0,197000.0
7250000.0,Toyota,Premio,NZT 240,2007,Used,Automatic,Saloon,Petrol,1490.0,216000.0
7450000.0,Suzuki,Wagon R FX,Safety,2024,Used,Automatic,Hatchback,Petrol,658.0,3350.0
3400000.0,Renault,KWID,,2016,Used,Manual,Hatchback,Petrol,800.0,101472.0
7200000.0,Toyota,Vitz,Safety Edition 2,2016,Used,Automatic,Hatchback,Petrol,990.0,84850.0
16575000.0,Mercedes Benz,GLA 200,Turbo ,2015,Used,Automatic,SUV / 4x4,Petrol,1600.0,140000.0
20500000.0,Peugeot,5008,GT,2019,Used,Tiptronic,Hatchback,Petrol,1200.0,33000.0
9250000.0,Honda,Fit Shuttle,GP2,2013,Used,Automatic,Saloon,Hybrid,1300.0,135000.0
17500000.0,Honda,CRV,VTS,2019,Used,Automatic,SUV / 4x4,Petrol,1490.0,152000.0
850000.0,Daihatsu,Charmant,1982,1982,Used,Manual,Saloon,Petrol,1300.0,56000.0
8300000.0,Toyota,Aqua,X Urban,2015,Used,Automatic,,Petrol,1500.0,130000.0
8400000.0,DFSK,Glory,580L,2021,Used,Automatic,SUV / 4x4,Petrol,1498.0,50700.0
3725000.0,Renault,KWID,RXT,2016,Used,Manual,Hatchback,Petrol,800.0,78000.0
1320000.0,Bajaj,Qute,Bajaj,2019,Used,Manual,,Petrol,120.0,22900.0
5500000.0,Hyundai,Grand i10,,2016,Used,Tiptronic,Hatchback,Petrol,998.0,95500.0
7950000.0,Subaru,XV,Eyesight,2013,Used,Automatic,Hatchback,Hybrid,2000.0,145000.0
38000000.0,Land Rover,Range Rover Sport,HSE 2.0 Diesel,2018,Used,Automatic,SUV / 4x4,Diesel,2000.0,124000.0
9575000.0,Honda,Vezel,Z Orange Package,2014,Used,Automatic,Hatchback,Hybrid,1500.0,145000.0
1325000.0,Mazda,Familia,,1988,Used,Manual,Saloon,Petrol,1500.0,200000.0
16850000.0,Toyota,Land Cruiser Prado,120 1KD,2007,Used,Automatic,SUV / 4x4,Diesel,3000.0,210000.0
14000000.0,Toyota,Prius,3rd Gen,2014,Used,Automatic,Saloon,Hybrid,1790.0,96000.0
5875000.0,Toyota,Corolla,NZE 121 ,2003,Used,Automatic,Saloon,Petrol,1500.0,175000.0
17500000.0,BMW,520d,,2012,Used,Automatic,Saloon,Diesel,2000.0,76000.0
3875000.0,Suzuki,A-Star,BRAND NEW,2012,Used,Manual,Hatchback,Petrol,1000.0,67000.0
46800000.0,Toyota,Land Cruiser Sahara,VX V8,2011,Used,Automatic,SUV / 4x4,Diesel,4600.0,95000.0
4275000.0,Perodua,Viva Elite,Viva Elite 2010,2010,Used,Automatic,Hatchback,Petrol,1000.0,88000.0
10750000.0,Kia,Sportage,New Face,2015,Used,Tiptronic,SUV / 4x4,Diesel,2000.0,139000.0
7975000.0,Toyota,Aqua,Aqua S Grade,2014,Used,Automatic,Saloon,Hybrid,1500.0,73000.0
13500000.0,Toyota,CHR,GT,2018,Used,Automatic,Hatchback,Petrol,1200.0,76212.0
2120000.0,Tata,Indica,2015,2015,Used,Manual,Hatchback,Petrol,1000.0,72000.0
8950000.0,Nissan,Teana,250 XV ,2008,Used,Automatic,Saloon,Petrol,2500.0,102000.0
10325000.0,Toyota,Axio,Hybrid,2015,Used,Automatic,Saloon,Hybrid,1500.0,120563.0
9450000.0,Honda,Grace,EX Edition,2014,Used,Automatic,Saloon,Hybrid,1490.0,160000.0
20000000.0,Mercedes Benz,S350,,2011,Used,Automatic,Saloon,Petrol,3498.0,170000.0
12800000.0,Nissan,Aura,G,2024,Used,Automatic,Hatchback,Hybrid,1200.0,10254.0
10500000.0,Nissan,X-Trail,,2016,Used,Automatic,SUV / 4x4,Hybrid,1500.0,145000.0
5190000.0,Suzuki,Alto,,2017,Used,Automatic,Hatchback,Petrol,650.0,75498.0
5790000.0,Perodua,Axia,,2016,Used,Automatic,Hatchback,Petrol,998.0,41535.0
8875000.0,Toyota,Allion,Lion Face,2010,Used,Automatic,Saloon,Petrol,1500.0,145000.0
4950000.0,Suzuki,Celerio,,2014,Used,Tiptronic,Hatchback,Petrol,996.0,121131.0
7350000.0,Toyota,Rush,,2009,Used,Automatic,Hatchback,Petrol,1490.0,168093.0
5490000.0,Honda,HR-V,,2000,Used,Automatic,Hatchback,Petrol,1590.0,275723.0
8175000.0,DFSK,Glory,,2021,Used,Automatic,SUV / 4x4,Petrol,1490.0,36371.0
8100000.0,Hyundai,Creta,,2017,Used,Automatic,Hatchback,Petrol,1591.0,124946.0
11990000.0,DFSK,Glory,I Auto,2023,Used,Automatic,MPV,Petrol,1500.0,17211.0
8420000.0,Nissan,Dayz,,2024,Used,Automatic,Hatchback,Petrol,660.0,14945.0
10975000.0,DFSK,Glory,I Auto,2021,Used,Automatic,SUV / 4x4,Petrol,1498.0,13972.0
12975000.0,Toyota,CHR,NGX 50,2017,Used,Automatic,SUV / 4x4,Petrol,1200.0,185000.0
11500000.0,Honda,CRV,CRV,2012,Used,Automatic,Hatchback,Petrol,2000.0,231000.0
13200000.0,Land Rover,Freelander,SD4,2011,Used,Automatic,SUV / 4x4,Diesel,2179.0,135000.0
4750000.0,Honda,Fit,Honda,2003,Used,Automatic,Hatchback,Petrol,1330.0,158000.0
50500000.0,Toyota,Land Cruiser Prado,TRJ 150,2023,Used,Automatic,SUV / 4x4,Petrol,2700.0,22750.0
8275000.0,Toyota,Aqua,,2016,Used,Automatic,Hatchback,Hybrid,1490.0,127770.0
6725000.0,Suzuki,Wagon R FZ,Premium,2018,Used,Automatic,Hatchback,Hybrid,650.0,119077.0
5790000.0,Suzuki,Wagon R Stingray,,2014,Used,Automatic,Hatchback,Petrol,650.0,131174.0
10750000.0,Nissan,X-Trail,,2016,Used,Automatic,,Hybrid,1997.0,135562.0
6850000.0,Suzuki,Wagon R FZ,Safety,2018,Used,Automatic,Hatchback,Petrol,650.0,84169.0
12690000.0,Toyota,Premio,G Superior,2016,Used,Automatic,Hatchback,Petrol,1500.0,157825.0
8950000.0,Honda,Fit,,2016,Used,Automatic,Hatchback,Hybrid,1490.0,109286.0
11500000.0,Toyota,Prius,3rd Gen,2014,Used,Automatic,Saloon,Hybrid,1800.0,254000.0
5990000.0,Hyundai,Grand i10,,2018,Used,Automatic,Hatchback,Petrol,998.0,72505.0
7300000.0,Toyota,Aqua,2013,2013,Used,Automatic,Hatchback,Hybrid,1500.0,153000.0
11300000.0,Toyota,Hilux,G Grade,2005,Used,Automatic,SUV / 4x4,Diesel,3000.0,168000.0
13090000.0,Jeep,Compass,LONGITUDE ,2019,Used,Automatic,Station wagon,Petrol,1368.0,63000.0
1600000.0,Toyota,Corolla,,1988,Used,Manual,Station wagon,Petrol,1300.0,400000.0
12500000.0,Lexus,HS250H,Premium ANF10,2009,Used,Automatic,Saloon,Hybrid,2494.0,160000.0
14500000.0,BMW,225XE,,2018,Used,Automatic,Hatchback,Petrol,1500.0,89000.0
1200000.0,Toyota,Corolla,AE80,1983,Used,Manual,Saloon,Petrol,1300.0,112000.0
1300000.0,Tata,Nano,Tata,2011,Used,Manual,Hatchback,Petrol,660.0,230000.0
10800000.0,Hyundai,Santa Fe,,2014,Used,Automatic,,Diesel,2199.0,164600.0
1350000.0,Daihatsu,Mira,Mira,1990,Used,Manual,Hatchback,Petrol,650.0,176920.0
31000000.0,Audi,Q7,45 TFSI Quattro,2015,Used,Automatic,SUV / 4x4,Petrol,3000.0,71500.0
1950000.0,Suzuki,Maruti,,2015,Used,Manual,Saloon,Petrol,800.0,100000.0
2900000.0,Tata,Indica,,2014,Used,Manual,,Petrol,1193.0,78000.0
8500000.0,Suzuki,Grand Vitara,2012,2012,Used,Automatic,SUV / 4x4,Petrol,2000.0,130000.0
6650000.0,Suzuki,Wagon R FZ,Safety 55000km,2017,Used,Automatic,Hatchback,Hybrid,650.0,55000.0
7200000.0,Toyota,Prius,2007,2007,Used,Automatic,Saloon,Petrol,1500.0,146000.0
7050000.0,Suzuki,Wagon R Stingray,,2018,Used,Automatic,Hatchback,Petrol,660.0,83500.0
34000000.0,Toyota,Land Cruiser Prado,TRJ150 TXL 6 FWD 1ST,2016,Used,Automatic,SUV / 4x4,Petrol,2700.0,215000.0
15000000.0,Audi,A6,,2012,Used,Automatic,Saloon,Petrol,2000.0,105000.0
8300000.0,Toyota,Prius,3rd Gen,2010,Used,Automatic,Saloon,Hybrid,1790.0,242000.0
4200000.0,Suzuki,Swift,Center Antenna,2004,Used,Automatic,Hatchback,Petrol,1300.0,140000.0
9000000.0,Honda,Vezel,Orange Package,2014,Used,Automatic,SUV / 4x4,Hybrid,1500.0,170000.0
13500000.0,Audi,Q2,Audi Q2,2018,Used,Tiptronic,SUV / 4x4,Petrol,1000.0,60000.0
5650000.0,Toyota,Fielder,,2011,Used,Automatic,Station wagon,Petrol,1490.0,143000.0
5800000.0,Toyota,Vitz,2007,2007,Used,Automatic,Hatchback,Petrol,1000.0,84000.0
13990000.0,Mitsubishi,Eclipse Cross,,2018,Used,Automatic,Station wagon,Petrol,1500.0,50000.0
10500000.0,Toyota,Prius,2013,2013,Used,Automatic,Station wagon,Petrol,1800.0,220000.0
8900000.0,Toyota,Axio,G Grade,2014,Used,Automatic,Saloon,Petrol,1490.0,176000.0
12590000.0,Audi,Q2,1L TURBO ,2018,Used,Automatic,Hatchback,Petrol,1000.0,70000.0
31000000.0,BMW,530i,M Sport Individual,2017,Used,Automatic,Saloon,Petrol,2000.0,56000.0
11800000.0,Suzuki,Swift,MZ,2024,Used,Automatic,Hatchback,Hybrid,1200.0,19000.0
1500000.0,Toyota,Corona,1989,1989,Used,Manual,,Petrol,1500.0,150000.0
7800000.0,Toyota,Roomy,Custom GS Grade,2017,Used,Automatic,MPV,Petrol,990.0,175000.0
3690000.0,Suzuki,Alto,800 LXI,2016,Used,Manual,Hatchback,Petrol,800.0,127000.0
9750000.0,Toyota,Yaris,X Grade,2023,Used,Automatic,Hatchback,Petrol,1000.0,9000.0
13500000.0,Audi,A3,,2017,Used,Automatic,Hatchback,Petrol,1000.0,95000.0
28500000.0,BMW,740i,M Sport,2015,Used,Automatic,Saloon,Hybrid,3000.0,86000.0
13975000.0,Mitsubishi,Montero,SPORT,2011,Used,Automatic,,Diesel,2500.0,157410.0
12650000.0,Toyota,Raize,Z Grade,2021,Used,Tiptronic,SUV / 4x4,Petrol,1000.0,15000.0
20850000.0,Audi,A3,S Line,2023,Used,Automatic,Saloon,Petrol,1000.0,10000.0
5900000.0,Kia,Picanto,Kia,2016,Used,Automatic,Hatchback,Petrol,1000.0,43500.0
11300000.0,Toyota,Axio,Toyota Axio Hybrid,2016,Used,Automatic,Saloon,Hybrid,1490.0,172000.0
14800000.0,Mitsubishi,Montero,Sport,2012,Used,Tiptronic,SUV / 4x4,Diesel,2500.0,184000.0
8600000.0,Honda,Vezel,,2014,Used,Automatic,SUV / 4x4,Hybrid,1490.0,137000.0
7150000.0,Mazda,Axela,2009,2009,Used,Tiptronic,Saloon,Petrol,1500.0,164000.0
1800000.0,Toyota,Corolla,Corolla 2,1986,Used,Manual,Coupé/Sports,Petrol,1300.0,180000.0
11350000.0,Honda,Grace,RS FULL OPTION,2017,Used,Automatic,Saloon,Hybrid,1490.0,107000.0
69500000.0,Toyota,Land Cruiser Sahara,V8 VX DIESEL,2018,Used,Automatic,SUV / 4x4,Diesel,4461.0,80000.0
9290000.0,Honda,Grace,RS FULL OPTION,2014,Used,Automatic,Saloon,Hybrid,1490.0,78100.0
875000.0,Toyota,Carina,,1984,Used,Manual,Saloon,Petrol,1450.0,165000.0
13590000.0,Toyota,CHR,NGX10 BODYKIT,2018,Used,Automatic,SUV / 4x4,Petrol,1190.0,101900.0
43950000.0,Land Rover,Range Rover Velar,Premium R Dynamic ,2018,Used,Automatic,SUV / 4x4,Petrol,2000.0,45000.0
6100000.0,Nissan,Double cab,D21,1996,Used,Manual,,Diesel,2660.0,253000.0
3150000.0,Suzuki,Alto,LXI,2011,Used,Manual,Hatchback,Petrol,800.0,109000.0
5650000.0,Mahindra,KUV 100,,2020,Used,Manual,SUV / 4x4,Petrol,1200.0,91000.0
12000000.0,Honda,Civic,tech pack,2018,Used,Automatic,Hatchback,Petrol,1000.0,78000.0
1850000.0,Mazda,Astina,1992,1992,Used,Manual,Saloon,Petrol,1500.0,55000.0
8000000.0,Toyota,Vitz,Edition 2,2019,Used,Automatic,Hatchback,Petrol,1000.0,49000.0
33500000.0,Mercedes Benz,C200,AMG Premium Plus,2019,Used,Tiptronic,Saloon,Petrol,1498.0,13800.0
13500000.0,Audi,Q2,,2018,Used,Automatic,SUV / 4x4,Petrol,1000.0,158000.0
3690000.0,Mazda,Familia,Mazda,2002,Used,Automatic,Saloon,Petrol,1500.0,199000.0
8300000.0,Ford,Ranger,2011,2011,Used,Manual,Hatchback,Diesel,2500.0,182000.0
12850000.0,Honda,Civic,HONDA CIVIC EX,2017,Used,Automatic,Hatchback,Petrol,1000.0,69000.0
8650000.0,Toyota,Roomy,X,2023,Used,Automatic,Hatchback,Petrol,1000.0,24805.0
8650000.0,DFSK,Glory,,2021,Used,Automatic,SUV / 4x4,Petrol,1498.0,18000.0
10500000.0,Mitsubishi,Eclipse Cross,,2023,Used,Automatic,SUV / 4x4,Petrol,1500.0,17000.0
7350000.0,Toyota,Aqua,,2014,Used,Automatic,Hatchback,Hybrid,1500.0,106000.0
9850000.0,Toyota,Axio,Hybrid G,2015,Used,Automatic,Saloon,Hybrid,1500.0,231000.0
16750000.0,Toyota,Premio,G SUPERIOR NEW FACE,2019,Used,Automatic,Saloon,Petrol,1500.0,89000.0
33500000.0,Toyota,Land Cruiser Prado,TRJ150 TX L 2ND owne,2016,Used,Automatic,SUV / 4x4,Petrol,2700.0,200000.0
22000000.0,Mitsubishi,Montero,GLX,2013,Used,Automatic,SUV / 4x4,Diesel,3200.0,116000.0
6000000.0,Suzuki,Hustler,J Style,2015,Used,Automatic,Hatchback,Petrol,650.0,74000.0
11590000.0,Kia,Sorento,1 TO 14 DIESEL,2012,Used,Automatic,SUV / 4x4,Diesel,2200.0,150000.0
3100000.0,Suzuki,Alto,2010,2010,Used,Manual,Hatchback,Petrol,800.0,140000.0
34790000.0,Land Rover,Discovery,4 HSE,2014,Used,Automatic,SUV / 4x4,Diesel,3000.0,150000.0
3350000.0,BMW,M5,518I,1990,Used,Manual,Saloon,Petrol,1800.0,185000.0
6450000.0,Toyota,Ractis,,2010,Used,Automatic,Saloon,Petrol,1300.0,144200.0
2330000.0,Suzuki,Maruti,,2010,Used,Manual,,Petrol,800.0,97700.0
12500000.0,Honda,Civic,2017,2017,Used,Automatic,Hatchback,Petrol,988.0,82283.0
6000000.0,Nissan,Leaf,2014,2014,Used,Automatic,Hatchback,Electric,70.0,88500.0
25000000.0,Audi,Q7,S Line,2016,Used,Tiptronic,SUV / 4x4,Petrol,2000.0,130000.0
17900000.0,Peugeot,3008,FULL OPTION AUTO,2020,Used,Automatic,SUV / 4x4,Petrol,1198.0,63000.0
16350000.0,Lexus,RX450h,HYBRID NEW FACE,2011,Used,Automatic,SUV / 4x4,Hybrid,3450.0,111000.0
11300000.0,Toyota,Allion,,2013,Used,Automatic,Saloon,Petrol,1500.0,120000.0
3700000.0,Nissan,March,,2006,Used,Automatic,Hatchback,Petrol,1400.0,126069.0
35000000.0,Jeep,Wrangler,Diesel,2013,Used,Automatic,SUV / 4x4,Diesel,2776.0,141000.0
1600000.0,Toyota,Carina,,1987,Used,Manual,Saloon,Petrol,1500.0,200000.0
13350000.0,Nissan,Qashqai,TEKNA PLUS ,2018,Used,Automatic,SUV / 4x4,Petrol,1197.0,55000.0
26500000.0,Mercedes Benz,GLA 200,AMG  LINE,2019,Used,Automatic,SUV / 4x4,Petrol,1595.0,61000.0
5600000.0,Suzuki,Wagon R,2016,2014,Used,Automatic,Hatchback,Petrol,660.0,100000.0
8350000.0,Honda,Fit,GP5,2014,Used,Automatic,,Hybrid,1490.0,94181.0
590000.0,Suzuki,Maruti,Suzuki,1981,Used,Manual,Hatchback,Petrol,660.0,163214.0
23625000.0,Toyota,Hilux,GR SPORT,2023,Used,Automatic,,Diesel,2400.0,21537.0
7795000.0,Toyota,Vitz,EDITION 2,2018,Used,Automatic,,Hybrid,990.0,146109.0
6475000.0,Suzuki,Wagon R FZ,,2017,Used,Automatic,,Hybrid,650.0,93095.0
3495000.0,Nissan,Wingroad,,1999,Used,Automatic,,Petrol,1500.0,217294.0
5675000.0,Honda,Fit,GE6,2009,Used,Automatic,,Petrol,1330.0,220000.0
10495000.0,Mercedes Benz,E240,,2004,Used,Automatic,,Petrol,2600.0,110359.0
8000000.0,Honda,Fit,2014,2014,Used,Automatic,Hatchback,Petrol,1500.0,120000.0
8500000.0,Toyota,Aqua,G Grade,2015,Used,Automatic,Hatchback,Hybrid,1500.0,115000.0
4850000.0,Honda,Civic,ES8,2000,Used,Automatic,Saloon,Petrol,1500.0,235000.0
2100000.0,Honda,Accord,Cb3,1992,Used,Automatic,Saloon,Petrol,2000.0,277200.0
8200000.0,Nissan,Clipper,Rio WGN,2023,Used,Automatic,MPV,Petrol,660.0,30000.0
21500000.0,BMW,X1,FACELIFT -F48,2020,Used,Automatic,SUV / 4x4,Petrol,1499.0,79800.0
2150000.0,Mazda,Familia,,1994,Used,Manual,,Petrol,1540.0,200000.0
1975000.0,Nissan,Sunny,FB12,1989,Used,Automatic,Saloon,Petrol,1500.0,200000.0
2750000.0,Toyota,Corolla,Toyota,1999,Used,Manual,Station wagon,Petrol,1330.0,150000.0
2875000.0,Suzuki,Alto,800 Lxi ,2012,Used,Manual,Hatchback,Petrol,800.0,83000.0
3150000.0,Perodua,Kelisa,,2006,Used,Automatic,Hatchback,Petrol,1000.0,165000.0
19000000.0,Honda,CRV,7 Seater,2019,Used,Tiptronic,SUV / 4x4,Petrol,1500.0,89300.0
1690000.0,Nissan,AD Wagon,,1991,Used,Manual,Station wagon,Petrol,1200.0,212000.0
2900000.0,Mazda,Familia,2006,2006,Used,Automatic,Saloon,Diesel,1990.0,123000.0
9650000.0,Honda,Vezel,Z Grade Orange Pack,2015,Used,Automatic,SUV / 4x4,Hybrid,1490.0,160000.0
8150000.0,Toyota,Tank,GS Custom 2018,2018,Used,Automatic,MPV,Petrol,1000.0,79000.0
3995000.0,Nissan,Sunny,Nissan N16 Ex Saloon,2001,Used,Automatic,Saloon,Petrol,1500.0,221500.0
6750000.0,Suzuki,Wagon R FZ,,2017,Used,Automatic,Hatchback,Hybrid,650.0,64000.0
8300000.0,Toyota,Allion,A18 S-Grade,2007,Used,Automatic,Saloon,Petrol,1800.0,182000.0
7700000.0,Toyota,Vitz,Safety Edition,2018,Used,Automatic,Hatchback,Petrol,990.0,92500.0
20400000.0,Audi,A3,,2019,Used,Tiptronic,Saloon,Petrol,1200.0,60000.0
9700000.0,Honda,Vezel,RU3 Z Grade,2015,Used,Automatic,Hatchback,Petrol,1490.0,70000.0
8350000.0,Honda,Fit Shuttle,INTEL KEY CRUIS NAVI,2012,Used,Automatic,Hatchback,Hybrid,1330.0,144500.0
950000.0,Mitsubishi,Lancer,Lancer C12,1984,Used,Manual,Saloon,Petrol,1400.0,311000.0
6395000.0,Toyota,Belta,Belta,2008,Used,Automatic,Saloon,Petrol,1300.0,126000.0
11925000.0,Toyota,Premio,G Superior,2014,Used,Automatic,Saloon,Petrol,1500.0,154000.0
6500000.0,Suzuki,Wagon R FZ,2017,2017,Used,Automatic,Hatchback,Hybrid,660.0,203000.0
8200000.0,Toyota,Vitz,Edition 2 safty push,2017,Used,Automatic,Hatchback,Petrol,1000.0,69000.0
10800000.0,Toyota,Hilux,BRAND NEW THAILAND,2011,Used,Manual,SUV / 4x4,Diesel,2500.0,275000.0
4500000.0,Suzuki,Swift,Suzuki,2003,Used,Automatic,Hatchback,Petrol,1300.0,164737.0
4000000.0,Hyundai,Eon,2016,2016,Used,Manual,Saloon,Petrol,814.0,51500.0
17450000.0,Peugeot,5008,5008 Fully Loaded ,2020,Used,Tiptronic,SUV / 4x4,Petrol,1200.0,28500.0
16900000.0,Honda,Vezel,Vezel Z Premium ,2023,Used,Automatic,SUV / 4x4,Hybrid,1500.0,38000.0
2840000.0,Micro,Panda,Micro,2014,Used,Manual,Hatchback,Petrol,1000.0,103000.0
8850000.0,Suzuki,Grand Vitara,Fully Loaded,2019,Used,Automatic,SUV / 4x4,Petrol,1000.0,104000.0
15750000.0,Peugeot,E-2008,Electric ,2022,Used,Automatic,SUV / 4x4,Electric,50.0,9000.0
8475000.0,Honda,Fit Shuttle,Full Option ,2012,Used,Automatic,Saloon,Hybrid,1300.0,89000.0
5500000.0,Suzuki,Swift,,2010,Used,Automatic,Hatchback,Petrol,1240.0,114000.0
1075000.0,Bajaj,Qute,Bajaj,2019,Used,Manual,Hatchback,Petrol,216.0,146000.0
10500000.0,Toyota,Axio,X,2016,Used,Automatic,Saloon,Hybrid,1500.0,160000.0
9975000.0,Toyota,Prius,,2013,Used,Automatic,Saloon,Hybrid,1800.0,193000.0
19000000.0,BMW,318i,M sports,2017,Used,Tiptronic,Saloon,Petrol,1500.0,100000.0
1275000.0,Toyota,Corona,Corona AT140,1983,Used,Manual,Saloon,Petrol,1500.0,150000.0
21000000.0,Audi,A5,S line,2018,Used,Tiptronic,Saloon,Petrol,1500.0,60000.0
13500000.0,Toyota,Axio,Wxb,2018,Used,Automatic,Saloon,Hybrid,1490.0,114500.0
64500000.0,Toyota,Land Cruiser Sahara,VX,2016,Used,Tiptronic,SUV / 4x4,Diesel,4500.0,120000.0
5200000.0,Suzuki,Celerio,LXi,2017,Used,Automatic,Hatchback,Petrol,998.0,167500.0
11000000.0,Toyota,Premio,G Superior,2013,Used,Automatic,Saloon,Petrol,1500.0,111000.0
3850000.0,Suzuki,Estilo,Zen 2011,2010,Used,Manual,Hatchback,Petrol,998.0,157000.0
1950000.0,Toyota,Corolla,DX,1990,Used,Manual,Station wagon,Petrol,1480.0,216428.0
26000000.0,Mercedes Benz,GLB,200 AMG Premium Plus,2020,Used,Automatic,SUV / 4x4,Petrol,1300.0,78000.0
1875000.0,Nissan,Sunny,1992,1992,Used,Manual,Saloon,Petrol,1400.0,140000.0
1450000.0,Mitsubishi,Lancer,1990,1990,Used,Manual,,Petrol,1500.0,50000.0
9990000.0,Kia,Optima,FULLYLOADED ,2014,Used,Automatic,Saloon,Petrol,2000.0,159000.0
6950000.0,Mercedes Benz,C230,Facelift Elegance V6,2006,Used,Automatic,Saloon,Petrol,2496.0,188300.0
37500000.0,Land Rover,Defender,,2014,Used,Manual,SUV / 4x4,Diesel,2200.0,203000.0
650000.0,Toyota,Corolla,KE50,1976,Used,Manual,Saloon,Petrol,1200.0,22582.0
13890000.0,Kia,Sorento,Kia,2013,Used,Automatic,SUV / 4x4,Diesel,2200.0,171000.0
8200000.0,MG,ZS,,2018,Used,Automatic,SUV / 4x4,Petrol,1000.0,90000.0
8100000.0,Hyundai,Tucson,Hyundai tucson ix35,2012,Used,Automatic,SUV / 4x4,Diesel,2000.0,156000.0
79500000.0,BMW,i7,M Sport Ultimate,2023,Used,Automatic,Saloon,Electric,400.0,11000.0
29890000.0,Mitsubishi,Montero,GLS AUTOMATIC DIESEL,2015,Used,Automatic,SUV / 4x4,Diesel,3200.0,79000.0
8800000.0,Audi,A1,Audi A1,2016,Used,Automatic,Hatchback,Petrol,1800.0,94000.0
3800000.0,Perodua,Viva Elite,Viva Elite AMi GX-G,2011,Used,Manual,Hatchback,Petrol,1000.0,170000.0
6375000.0,Toyota,Aqua,S ,2014,Used,Automatic,Hatchback,Hybrid,1500.0,1.0
9200000.0,Toyota,Allion,260,2010,Used,Automatic,,Petrol,1500.0,140000.0
4500000.0,Honda,Fit Aria,,2008,Used,Automatic,Saloon,Petrol,1500.0,355000.0
18750000.0,Honda,CRV,,2018,Used,Automatic,,Petrol,1500.0,59000.0
10590000.0,Toyota,Premio,G SUPERIOR,2013,Used,Automatic,Saloon,Petrol,1500.0,163000.0
2200000.0,Toyota,Corolla,,1992,Used,Automatic,Station wagon,Diesel,2000.0,444000.0
8950000.0,Kia,Sportage,Fully Loaded ,2011,Used,Automatic,SUV / 4x4,Petrol,2000.0,135000.0
10950000.0,Kia,Sportage,2014,2014,Used,Automatic,SUV / 4x4,Diesel,2000.0,68000.0
4200000.0,Perodua,Viva Elite,,2010,Used,Automatic,Hatchback,Petrol,1000.0,178000.0
6750000.0,Daihatsu,Terios,Premium ,2007,Used,Automatic,,Petrol,1500.0,144000.0
4675000.0,Nissan,Sunny,FB15,2004,Used,Automatic,Saloon,Petrol,1500.0,225000.0
5850000.0,Nissan,Tiida,Latio,2007,Used,Automatic,Saloon,Petrol,1500.0,162000.0
5870000.0,MG,6,Fast Back,2014,Used,Manual,Saloon,Petrol,1800.0,85000.0
9150000.0,Honda,Grace,EX Package,2016,Used,Automatic,Saloon,Hybrid,1500.0,93000.0
7200000.0,Toyota,Prius,2nd Gen Anniversary,2011,Used,Automatic,Hatchback,Hybrid,1500.0,204000.0
25200000.0,Toyota,Harrier,Advance Premium,2016,Used,Automatic,SUV / 4x4,Petrol,1980.0,89000.0
7450000.0,Toyota,Vitz,,2015,Used,Automatic,Hatchback,Petrol,1000.0,146000.0
550000.0,Nissan,Dutsun,1975,1975,Used,Manual,Saloon,Petrol,1200.0,164000.0
6870000.0,Toyota,Prius,,2010,Used,Automatic,Saloon,Petrol,1500.0,167000.0
5650000.0,Kia,Picanto,,2016,Used,Automatic,Hatchback,Petrol,1000.0,82833.0
11500000.0,Toyota,Fielder,2016,2016,Used,Automatic,Station wagon,Hybrid,1500.0,133000.0
23600000.0,Mercedes Benz,C200,Premium Plus,2019,Used,Automatic,Saloon,Petrol,1500.0,84000.0
15000000.0,Honda,Vezel,RS,2018,Used,Automatic,Station wagon,Petrol,1490.0,42609.0
13500000.0,Nissan,Leaf,ZE1 ,2022,Used,Automatic,Saloon,Electric,85.0,26000.0
13000000.0,Audi,A4,,2014,Used,Tiptronic,,Petrol,1800.0,66000.0
14895000.0,Audi,A3,S Line ,2019,Used,Automatic,Saloon,Petrol,1500.0,61000.0
5000000.0,Hyundai,Accent,Hyundai,2011,Used,Tiptronic,Saloon,Diesel,1600.0,190000.0
15290000.0,Toyota,Yaris Cross,Yaris cross GR,2023,Used,Automatic,SUV / 4x4,Hybrid,1500.0,20000.0
1400000.0,Daewoo,Other Model,Matiz,2000,Used,Manual,,Petrol,796.0,200000.0
21500000.0,Mercedes Benz,C200,AMG Premium Plus,2020,Used,Automatic,Saloon,Petrol,1500.0,97000.0
7090000.0,Suzuki,Spacia,Z Custom,2018,Used,Automatic,Hatchback,Petrol,660.0,84000.0
39000000.0,Toyota,Land Cruiser Prado,,2017,Used,Automatic,SUV / 4x4,Petrol,2590.0,64000.0
8990000.0,Suzuki,S-Cross,SX4,2018,Used,Automatic,SUV / 4x4,Petrol,1000.0,33850.0
12675000.0,Audi,Q2,1L Turbo,2018,Used,Automatic,SUV / 4x4,Petrol,1000.0,70000.0
35000000.0,Audi,Q4,,2024,Used,Automatic,SUV / 4x4,Electric,150.0,7000.0
2700000.0,Tata,Indica,2015,2015,Used,Manual,,Petrol,850.0,110000.0
19500000.0,Kia,Sorento,,2016,Used,Automatic,SUV / 4x4,Diesel,2200.0,155000.0
7900000.0,Toyota,Allion,260 G PLUS ,2007,Used,Automatic,Saloon,Petrol,1500.0,180000.0
5900000.0,Nissan,Leaf,ZE0,2012,Used,Automatic,Hatchback,Electric,80.0,125282.0
2650000.0,Tata,Sumo,,2003,Used,Manual,SUV / 4x4,Diesel,2500.0,300401.0
3550000.0,Suzuki,Alto,Car,2015,Used,Manual,Hatchback,Petrol,800.0,128000.0
2850000.0,Zotye,Z100,Z100,2016,Used,Manual,Hatchback,Petrol,1000.0,150717.0
57500000.0,Toyota,Land Cruiser Sahara,ZX V8,2015,Used,Automatic,SUV / 4x4,Petrol,4600.0,61000.0
17500000.0,BYD,ATTO 3,BYD,2025,Used,Automatic,,Electric,100.0,6700.0
6000000.0,Honda,N-WGN,,2016,Used,Automatic,Hatchback,Petrol,650.0,160000.0
9700000.0,Honda,Vezel,2015 edition,2015,Used,Automatic,,Petrol,1490.0,162000.0
2100000.0,Toyota,Corolla,EE96,1989,Used,Manual,Station wagon,Petrol,1300.0,200000.0
6200000.0,Toyota,Aqua,S-Grade ,2012,Used,Automatic,Hatchback,Hybrid,1500.0,160000.0
14200000.0,Honda,CRV,,2017,Used,Automatic,SUV / 4x4,Petrol,1500.0,150000.0
8400000.0,DFSK,Glory,580 SUV,2021,Used,Automatic,SUV / 4x4,Petrol,1500.0,43100.0
17200000.0,Mercedes Benz,CLA 180,PREMIER PLUS,2016,Used,Automatic,Saloon,Petrol,1600.0,92000.0
950000.0,Toyota,Hilux,LN55,1984,Used,Automatic,SUV / 4x4,Diesel,1480.0,20000.0
10500000.0,Nissan,X-Trail,,2013,Used,Automatic,SUV / 4x4,Diesel,2000.0,116000.0
15500000.0,Honda,CRV,Honda CR-V VTi S,2017,Used,Automatic,SUV / 4x4,Petrol,1500.0,108000.0
8390000.0,Toyota,Aqua,X Urban,2015,Used,Automatic,Hatchback,Hybrid,1000.0,117000.0
10500000.0,Nissan,X-Trail,Hybrid,2015,Used,Automatic,SUV / 4x4,Hybrid,1990.0,176000.0
7600000.0,Honda,Fit,GP4 RS,2013,Used,Automatic,Hatchback,Hybrid,1500.0,153000.0
7150000.0,Toyota,Axio,X,2007,Used,Automatic,Saloon,Petrol,1500.0,148000.0
11200000.0,Mitsubishi,Montero,,2003,Used,Automatic,SUV / 4x4,Petrol,3500.0,149000.0
42500000.0,BMW,X5,Diesel 2.0L ,2018,Used,Automatic,SUV / 4x4,Diesel,2000.0,72000.0
7150000.0,Suzuki,Wagon R Stingray,STINGRAY TURBO-4WAY,2018,Used,Automatic,Hatchback,Hybrid,650.0,117000.0
1150000.0,Toyota,Carina,1991,1991,Used,Manual,Saloon,Petrol,1500.0,285600.0
2150000.0,Maruti Suzuki,800,2006,2006,Used,Manual,Hatchback,Petrol,800.0,61500.0
11200000.0,Toyota,Axio,,2016,Used,Automatic,Saloon,Hybrid,1490.0,170000.0
27500000.0,Mercedes Benz,CLA 200,,2019,Used,Automatic,Saloon,Petrol,1332.0,85000.0
5190000.0,Daihatsu,Mira,L Grade,2016,Used,Automatic,Hatchback,Petrol,660.0,79000.0
25000000.0,Toyota,Land Cruiser Prado,150,2011,Used,Manual,SUV / 4x4,Diesel,3000.0,135000.0
9800000.0,Suzuki,S-Cross,Jeep Used,2017,Used,Automatic,SUV / 4x4,Petrol,1000.0,65000.0
49500000.0,BMW,740Le,M Sport Plus Package,2017,Used,Automatic,Saloon,Hybrid,2000.0,67000.0
5650000.0,Suzuki,Celerio,ZXI,2017,Used,Automatic,Hatchback,Petrol,998.0,68385.0
25000000.0,Audi,Q7,,2016,Used,Automatic,SUV / 4x4,Petrol,1984.0,167144.0
12800000.0,Toyota,Premio,260,2016,Used,Automatic,Saloon,Petrol,1490.0,99000.0
2800000.0,Nissan,Pulsar,GTi,1996,Used,Manual,Saloon,Petrol,1500.0,90000.0
19800000.0,Audi,A6,S line,2014,Used,Automatic,Saloon,Diesel,2000.0,126000.0
9800000.0,Honda,Vezel,G Grade,2015,Used,Automatic,SUV / 4x4,Hybrid,1500.0,113000.0
20500000.0,BMW,X3,DIESEL,2015,Used,Automatic,SUV / 4x4,Diesel,2000.0,50000.0
9250000.0,MG,ZS,,2019,Used,Automatic,SUV / 4x4,Petrol,1000.0,48000.0
3100000.0,Micro,Panda Cross,1.3,2012,Used,Manual,Hatchback,Petrol,1300.0,121000.0
2650000.0,Tata,Other Model,tata dimo batta,2015,Used,Manual,,Diesel,702.0,124000.0
9750000.0,Mazda,Axela,Skyactive FLY Loaded,2013,Used,Automatic,Saloon,Hybrid,2000.0,160000.0
16500000.0,Volkswagen,Tiguan,,2019,Used,Automatic,Hatchback,Petrol,1395.0,128000.0
19490000.0,Toyota,Fortuner,DIESEL,2013,Used,Automatic,SUV / 4x4,Diesel,3000.0,160000.0
5600000.0,Suzuki,Wagon R FZ,,2016,Used,Automatic,,Hybrid,650.0,135000.0
29250000.0,Toyota,Voxy,SZ Fully Loaded ,2025,Used,Automatic,SUV / 4x4,Hybrid,1500.0,11500.0
15500000.0,Toyota,Rush,,2020,Used,Automatic,MPV,Petrol,1496.0,45000.0
8900000.0,Toyota,Vitz,Edition 3,2019,Used,Automatic,Hatchback,Petrol,1000.0,64000.0
8000000.0,Toyota,Vitz,U Grade,2018,Used,Automatic,Hatchback,Petrol,1000.0,60797.0
6950000.0,Nissan,Navara,D22,2003,Used,Manual,,Diesel,3200.0,177500.0
9850000.0,Toyota,Prius,3rd Generation,2012,Used,Automatic,Saloon,Petrol,1800.0,123000.0
135000000.0,Bentley,Flying Spur,V8 S,2018,Used,Automatic,Saloon,Petrol,4000.0,8000.0
19000000.0,Mercedes Benz,E300,Dimo Imported,2015,Used,Tiptronic,Saloon,Diesel,2200.0,70000.0
1350000.0,Bajaj,Qute,2018,2018,Used,Manual,Hatchback,Petrol,240.0,142000.0
11000000.0,Honda,Vezel,,2016,Used,Automatic,SUV / 4x4,Petrol,1500.0,151000.0
37500000.0,Mercedes Benz,S400,S400L Hybrid – LWB,2014,Used,Automatic,SUV / 4x4,Petrol,3500.0,90000.0
29500000.0,Land Rover,Discovery,4 HSE Vogue,2013,Used,Tiptronic,SUV / 4x4,Diesel,3000.0,150000.0
42500000.0,BMW,740Le,LWB M Sport,2018,Used,Tiptronic,SUV / 4x4,Hybrid,2000.0,54000.0
4990000.0,Toyota,Corolla,121,2001,Used,Automatic,Saloon,Petrol,1300.0,239000.0
8800000.0,Suzuki,Swift,,2017,Used,Automatic,,Petrol,1000.0,82000.0
33000000.0,Toyota,Land Cruiser Prado,150 PRADO LANDCRUISE,2015,Used,Automatic,SUV / 4x4,Petrol,2700.0,93214.0
12490000.0,Jeep,Renegade,Limited ,2017,Used,Automatic,SUV / 4x4,Petrol,1400.0,106000.0
2700000.0,Nissan,Bluebird,SU14,1996,Used,Manual,Saloon,Diesel,1970.0,160000.0
7900000.0,Honda,Fit,,2014,Used,Automatic,Hatchback,Hybrid,1500.0,109500.0
5850000.0,Suzuki,Wagon R Stingray,Wagon R Stingray,2014,Used,Automatic,Hatchback,Hybrid,650.0,88000.0
7750000.0,Toyota,Roomy,M900,2017,Used,Automatic,Hatchback,Petrol,900.0,94000.0
9150000.0,Honda,Vezel,Orange Pack,2014,Used,Automatic,Hatchback,Hybrid,1500.0,134450.0
20500000.0,Mercedes Benz,C180,AMG Line,2017,Used,Automatic,Saloon,Petrol,1590.0,96000.0
1750000.0,Suzuki,Maruti,,2004,Used,Manual,Hatchback,Petrol,800.0,80000.0
12200000.0,Honda,Vezel,RS Sensing 2016,2016,Used,Automatic,Hatchback,Hybrid,1500.0,76000.0
6700000.0,Toyota,Yaris,2008,2008,Used,Automatic,Saloon,Petrol,1300.0,193000.0
2175000.0,Micro,Trend,,2012,Used,Manual,Hatchback,Petrol,1075.0,130000.0
1900000.0,Maruti Suzuki,800,Maruti,2005,Used,Manual,Hatchback,Petrol,800.0,170000.0
23900000.0,Mercedes Benz,CLA 200,AMG Premium Plus,2019,Used,Automatic,Saloon,Petrol,1332.0,49500.0
6650000.0,Daihatsu,Terios,,2008,Used,Automatic,SUV / 4x4,Petrol,1500.0,178000.0
24500000.0,Lexus,LBX,Relax,2024,Used,Tiptronic,Hatchback,Hybrid,1500.0,3800.0
7350000.0,Daihatsu,Mira,ES G SA3,2024,Used,Automatic,Hatchback,Petrol,660.0,2350.0
3800000.0,Nissan,Sunny,FB 15 Ex Saloon,1999,Used,Automatic,Saloon,Petrol,1490.0,217000.0
16000000.0,Honda,CRV,VTIL 7 Seater 2018,2018,Used,Automatic,SUV / 4x4,Petrol,1500.0,112700.0
1300000.0,Bajaj,Qute,Bajaj,2019,Used,Manual,Hatchback,Petrol,200.0,75000.0
32000000.0,Land Rover,Discovery,5 HSE,2017,Used,Automatic,SUV / 4x4,Diesel,2000.0,130000.0
2700000.0,Toyota,Sprinter,,1994,Used,Manual,Saloon,Petrol,1500.0,350000.0
69500000.0,Land Rover,Range Rover,P400e LWB Autobio,2018,Used,Automatic,SUV / 4x4,Petrol,2000.0,83342.0
31000000.0,Audi,Q3,S Line,2023,Used,Automatic,SUV / 4x4,Petrol,1500.0,10000.0
12000000.0,Toyota,Prius,Gs 2014,2014,Used,Automatic,Saloon,Hybrid,1800.0,130000.0
30000000.0,Mercedes Benz,CLS,350 AMG Premium Line,2018,Used,Automatic,Saloon,Petrol,2000.0,64000.0
15000000.0,Mercedes Benz,E250,,2007,Used,Automatic,,Petrol,2996.0,123100.0
13500000.0,Toyota,Premio,G Superior,2016,Used,Automatic,Saloon,Petrol,1500.0,93500.0
35000000.0,Mercedes Benz,E350,Amg premium plus,2017,Used,Automatic,Saloon,Petrol,2000.0,10000.0
16850000.0,Volkswagen,T-Cross,R Line,2025,Used,Automatic,SUV / 4x4,Petrol,1000.0,6800.0
52500000.0,Toyota,Land Cruiser Prado,TXL,2023,Used,Automatic,SUV / 4x4,Petrol,2700.0,13000.0
2750000.0,Volvo,940,,1995,Used,Manual,Saloon,Petrol,2300.0,101000.0
46800000.0,Jeep,Wrangler,Rubicon,2018,Used,Automatic,SUV / 4x4,Petrol,2000.0,57000.0
8600000.0,Nissan,Magnite,Accenta EZ-Shift,2025,Used,Automatic,SUV / 4x4,Petrol,1000.0,664.0
5875000.0,Perodua,Axia,G,2018,Used,Automatic,Hatchback,Petrol,1000.0,68000.0
29500000.0,Nissan,Patrol,Y61 3.0 Diesel Auto ,2013,Used,Automatic,SUV / 4x4,Diesel,3000.0,153000.0
16200000.0,Honda,CRV,VTiL 7 Seater,2018,Used,Automatic,SUV / 4x4,Petrol,1500.0,110000.0
11750000.0,Toyota,Axio,WXB,2017,Used,Automatic,Saloon,Hybrid,1500.0,121000.0
9950000.0,Honda,Vezel,Z Grade ,2016,Used,Automatic,SUV / 4x4,Petrol,1800.0,150600.0
7600000.0,Toyota,Aqua,S Grade,2014,Used,Automatic,Hatchback,Hybrid,1500.0,142243.0
23450000.0,Toyota,Hilux,Hilux GR Sports,2023,Used,Automatic,,Diesel,2400.0,8000.0
7100000.0,Toyota,Vitz,KSP 130,2016,Used,Automatic,Hatchback,Petrol,990.0,150000.0
3985000.0,Renault,KWID,,2016,Used,Manual,Hatchback,Petrol,800.0,120724.0
2400000.0,Isuzu,Gemini,,1993,Used,Manual,Saloon,Diesel,1686.0,100000.0
12400000.0,Jaguar,XF,2013 2.0L Petrol,2013,Used,Tiptronic,Saloon,Petrol,2000.0,28500.0
5150000.0,Nissan,Tiida,,2007,Used,Automatic,Saloon,Petrol,1500.0,205000.0
5400000.0,Toyota,Avanza,Toyota,2007,Used,Manual,Station wagon,Petrol,1298.0,167500.0
20000000.0,Land Rover,Range Rover Evoque,Land Rover,2013,Used,Automatic,SUV / 4x4,Diesel,2200.0,75000.0
28900000.0,BMW,X5,M Sport,2016,Used,Tiptronic,SUV / 4x4,Hybrid,2000.0,79880.0
19850000.0,Mitsubishi,Outlander,Outlander Sport,2025,Used,Automatic,SUV / 4x4,Petrol,1500.0,2600.0
9850000.0,Toyota,Axio,Hybrid G Grade,2016,Used,Automatic,Saloon,Petrol,1500.0,206000.0
6500000.0,Honda,Fit,GP1,2011,Used,Automatic,Hatchback,Hybrid,1330.0,140000.0
9890000.0,Honda,Vezel,"Z 64,000KMS",2014,Used,Automatic,SUV / 4x4,Hybrid,1500.0,64000.0
2975000.0,Toyota,Corolla,CE108,1996,Used,Automatic,Hatchback,Diesel,1970.0,330000.0
7500000.0,Mazda,2 Skyactive,,2015,Used,Automatic,Saloon,Petrol,1500.0,155000.0
10300000.0,Kia,Sorento,,2012,Used,Automatic,SUV / 4x4,Diesel,2000.0,200000.0
13475000.0,Mitsubishi,Outlander,7 Seats ,2015,Used,Automatic,SUV / 4x4,Petrol,2400.0,128000.0
3675000.0,Micro,Panda Cross,,2015,Used,Manual,Hatchback,Petrol,1300.0,57000.0
3700000.0,Datsun,Redi Go,,2016,Used,Manual,Hatchback,Petrol,799.0,68400.0
1200000.0,Daihatsu,Charade,,1990,Used,Manual,Hatchback,Petrol,1300.0,124286.0
18500000.0,BMW,528i,2.0L Turbo,2011,Used,Automatic,Saloon,Petrol,2000.0,106000.0
13800000.0,Toyota,CHR,NGX 10,2018,Used,Automatic,SUV / 4x4,Petrol,1500.0,39000.0
22500000.0,Audi,A5,Sportback,2019,Used,Automatic,Saloon,Petrol,1400.0,154000.0
28500000.0,BMW,X5 eDrive,M Sport,2016,Used,Automatic,SUV / 4x4,Petrol,2000.0,41500.0
30500000.0,Audi,Q7,40 TFSI S-Line,2016,Used,Automatic,SUV / 4x4,Petrol,2000.0,144000.0
32500000.0,BMW,Z4,sDrive35is,2012,Used,Automatic,Convertible,Petrol,3000.0,37000.0
21000000.0,BMW,318i,M Sport,2018,Used,Automatic,Saloon,Petrol,1500.0,97500.0
30500000.0,BMW,420d,M Sport,2014,Used,Automatic,Coupé/Sports,Diesel,2000.0,66000.0
9975000.0,Toyota,Crown,Saloon,2005,Used,Automatic,Saloon,Petrol,3000.0,120000.0
13500000.0,Audi,Q2,1.0 TFSI Turbo,2018,Used,Automatic,SUV / 4x4,Petrol,1000.0,95000.0
8800000.0,Toyota,Prius,Toyata,2010,Used,Automatic,Saloon,Petrol,1790.0,197869.0
6600000.0,Suzuki,Wagon R,Stingray,2018,Used,Automatic,Hatchback,Petrol,650.0,82123.0
18000000.0,Audi,A6,,2015,Used,Tiptronic,Saloon,Petrol,1800.0,28000.0
8500000.0,Honda,Civic,FD3,2011,Used,Automatic,Saloon,Hybrid,1300.0,151000.0
4890000.0,Suzuki,Alto,K10,2015,Used,Automatic,Hatchback,Petrol,1000.0,107800.0
550000.0,Nissan,Magnite,70000,1980,Used,Manual,Saloon,Petrol,1400.0,70000.0
19500000.0,Peugeot,5008,GT Line,2020,Used,Automatic,SUV / 4x4,Petrol,1200.0,45000.0
1450000.0,Tata,Nano,2012,2012,Used,Manual,,Petrol,10000.0,100000.0
39500000.0,BMW,740Le,M Sport,2016,Used,Automatic,Saloon,Hybrid,2000.0,58000.0
3750000.0,Renault,KWID,RXT,2016,Used,Manual,Hatchback,Petrol,800.0,116450.0
25500000.0,BMW,X5,M sport ,2015,Used,Automatic,SUV / 4x4,Petrol,2000.0,55000.0
9500000.0,Toyota,Roomy,,2023,Used,Automatic,Station wagon,Petrol,1000.0,13200.0
17250000.0,Honda,Vezel,Z Premium ,2023,Used,Automatic,SUV / 4x4,Hybrid,1490.0,11000.0
18500000.0,BMW,X1,M Sport,2018,Used,Automatic,SUV / 4x4,Petrol,1500.0,114000.0
26500000.0,BMW,X5,Individual B&O Sound,2016,Used,Automatic,SUV / 4x4,Petrol,2000.0,100000.0
53500000.0,Land Rover,Range Rover,Sport 2L HSE Diesel ,2018,Used,Automatic,SUV / 4x4,Diesel,2000.0,65000.0
10300000.0,Toyota,Axio,G Grade,2015,Used,Automatic,Saloon,Hybrid,1500.0,160000.0
30000000.0,Mitsubishi,Montero,GLX,2014,Used,Automatic,SUV / 4x4,Diesel,3200.0,110000.0
15500000.0,Micro,Rexton,ULTIMATE SSANGYONG,2018,Used,Automatic,SUV / 4x4,Diesel,2157.0,155000.0
24500000.0,Toyota,Harrier,Premium,2017,Used,Automatic,SUV / 4x4,Petrol,1980.0,144500.0
69500000.0,Land Rover,Range Rover,P400e LWB Autobio,2018,Used,Automatic,SUV / 4x4,Petrol,2000.0,76500.0
25500000.0,Audi,A5,S Line,2018,Used,Automatic,Saloon,Petrol,1400.0,72500.0
17500000.0,Toyota,Corolla,WXB,2024,Used,Automatic,Saloon,Petrol,1490.0,18000.0
15500000.0,Toyota,Yaris Cross,GR sport,2023,Used,Automatic,SUV / 4x4,Hybrid,1500.0,8000.0
19950000.0,Audi,A6,,2017,Used,Tiptronic,Saloon,Petrol,1800.0,125000.0
12500000.0,BMW,Mini Cooper,,2015,Used,Automatic,Hatchback,Petrol,1190.0,85000.0
23500000.0,Audi,A5,Sportback,2019,Used,Automatic,Saloon,Petrol,1400.0,70400.0
5000000.0,Toyota,Hilux,,1998,Used,Manual,,Diesel,2500.0,350000.0
8750000.0,Toyota,Premio,Premio 260,2008,Used,Automatic,Saloon,Petrol,1500.0,244500.0
8200000.0,Toyota,Rush,,2013,Used,Automatic,SUV / 4x4,Petrol,1490.0,125000.0
26000000.0,Mercedes Benz,C200,Sport,2018,Used,Automatic,Saloon,Petrol,1500.0,120000.0
3450000.0,Renault,KWID,RXT,2016,Used,Manual,,Petrol,800.0,74100.0
2075000.0,Maruti Suzuki,800,,2006,Used,Manual,Hatchback,Petrol,800.0,30000.0
11250000.0,Nissan,Qashqai,Company Brand New,2019,Used,Automatic,SUV / 4x4,Petrol,1200.0,57000.0
15850000.0,Honda,CRV,,2018,Used,Automatic,SUV / 4x4,Petrol,1500.0,132000.0
1820000.0,Mazda,Familia,323,1992,Used,Manual,Saloon,Petrol,1500.0,192000.0
4700000.0,Perodua,Viva Elite,,2013,Used,Automatic,Hatchback,Petrol,1000.0,107210.0
11500000.0,Mitsubishi,Outlander,Fully Loaded,2015,Used,Automatic,SUV / 4x4,Hybrid,2000.0,137000.0
12290000.0,Toyota,Premio,G Superior,2015,Used,Automatic,Saloon,Petrol,1500.0,175000.0
9000000.0,Kia,Sportage,,2012,Used,Automatic,SUV / 4x4,Petrol,2000.0,220000.0
9350000.0,Kia,Stonic,GT Turbo,2020,Used,Automatic,SUV / 4x4,Petrol,1000.0,89000.0
5100000.0,Perodua,Axia,G Grade,2016,Used,Manual,Hatchback,Petrol,998.0,35651.0
20000000.0,Mercedes Benz,GLA 180,Limited Edition,2018,Used,Automatic,SUV / 4x4,Petrol,1595.0,43000.0
2050000.0,Maruti Suzuki,800,,2006,Used,Manual,SUV / 4x4,Petrol,800.0,92500.0
12550000.0,Toyota,Aqua,X Grade 4 Way,2023,Used,Automatic,Hatchback,Hybrid,1500.0,33000.0
5200000.0,Toyota,Vios,2004,2004,Used,Automatic,Saloon,Petrol,1500.0,112000.0
4200000.0,Nissan,Sunny,FB15,2004,Used,Automatic,Saloon,Petrol,1500.0,176400.0
6500000.0,Suzuki,Wagon R,,2017,Used,Automatic,,Petrol,650.0,100000.0
7000000.0,Nissan,Navara,2007,2007,Used,Manual,SUV / 4x4,Diesel,2500.0,214561.0
33500000.0,BMW,730Ld,M Sport Highest Spec,2011,Used,Tiptronic,Saloon,Diesel,3000.0,133000.0
11500000.0,Skoda,Karoq,2018,2018,Used,Automatic,SUV / 4x4,Petrol,1000.0,75984.0
6690000.0,Honda,Fit,GP 1,2013,Used,Automatic,Hatchback,Hybrid,1300.0,85000.0
31000000.0,Ford,Ranger,MS-RT,2024,Used,Automatic,SUV / 4x4,Diesel,3000.0,4700.0
16900000.0,Mercedes Benz,C180,Avantgrade ,2016,Used,Automatic,Saloon,Petrol,1590.0,104250.0
9950000.0,Toyota,Premio,,2012,Used,Automatic,,Petrol,1500.0,140000.0
7000000.0,Toyota,Aqua,S Grade,2012,Used,Automatic,Hatchback,Hybrid,1500.0,111000.0
9800000.0,Mazda,Axela,Skyactive FLY loaded,2014,Used,Automatic,Saloon,Petrol,2000.0,90000.0
13950000.0,Audi,Q2,TFSI ,2017,Used,Automatic,SUV / 4x4,Petrol,990.0,102000.0
10850000.0,Toyota,Premio,G SUPERIOR ,2013,Used,Automatic,Saloon,Petrol,1490.0,110000.0
9550000.0,Suzuki,Spacia,,2024,Used,Automatic,Hatchback,Hybrid,660.0,1830.0
435000.0,Daewoo,Other Model,Race,1993,Used,Manual,Saloon,Petrol,1500.0,36225.0
57500000.0,Land Rover,Range Rover,Vogue 2025 Facelift,2017,Used,Automatic,SUV / 4x4,Petrol,3000.0,77800.0
9950000.0,Toyota,Yaris,X Grade Facelift,2025,Used,Automatic,Hatchback,Petrol,1000.0,243.0
18800000.0,Honda,Vezel, Z Play,2025,Used,Automatic,SUV / 4x4,Hybrid,1500.0,15000.0
800000.0,Toyota,Corolla,Toyota,1985,Used,Manual,Hatchback,Petrol,1300.0,336000.0
11600000.0,Toyota,Raize,G Turbo 2WD,2025,Used,Tiptronic,Hatchback,Petrol,1000.0,5000.0
13000000.0,Toyota,Prius,4th Gen,2016,Used,Automatic,,Hybrid,1800.0,98000.0
1800000.0,Suzuki,Maruti,,2003,Used,Manual,Saloon,Petrol,800.0,81683.0
14550000.0,Peugeot,3008,GT Line,2019,Used,Automatic,SUV / 4x4,Petrol,1200.0,98000.0
6250000.0,Toyota,Wigo,,2017,Used,Automatic,Hatchback,Petrol,1000.0,75000.0
12500000.0,Audi,Q2,Audi Q2,2018,Used,Automatic,Hatchback,Petrol,1000.0,66000.0
5500000.0,Toyota,Vitz,KSP 90,2008,Used,Automatic,Hatchback,Petrol,990.0,140000.0
36000000.0,Toyota,Land Cruiser Prado,150,2015,Used,Automatic,SUV / 4x4,Petrol,2700.0,92000.0
6885000.0,Suzuki,Wagon R Stingray,Premium ,2018,Used,Automatic,Hatchback,Hybrid,650.0,80634.0
2800000.0,Maruti Suzuki,Alto,2011,2011,Used,Manual,Hatchback,Petrol,800.0,160000.0
24000000.0,Mercedes Benz,CLA 180,AMG Plus,2019,Used,Tiptronic,Saloon,Petrol,1300.0,15000.0
2775000.0,Toyota,Corsa,Tercel,1996,Used,Manual,Saloon,Petrol,1300.0,50000.0
5500000.0,Suzuki,Wagon R FZ,,2014,Used,Automatic,,Petrol,660.0,125000.0
6750000.0,Honda,Fit,Honda Fit GP1 2012,2012,Used,Automatic,Hatchback,Hybrid,1300.0,128000.0
7750000.0,Suzuki,Swift,RS Turbo,2017,Used,Automatic,Hatchback,Petrol,1000.0,99000.0
8500000.0,Mitsubishi,Lancer,EX GLS,2008,Used,Automatic,Saloon,Petrol,1500.0,197000.0
980000.0,Toyota,Carina,,1988,Used,Manual,Saloon,Petrol,1500.0,155600.0
6500000.0,Mercedes Benz,C220,,2000,Used,Manual,,Diesel,2148.0,174000.0
7975000.0,Toyota,Axio,G Grade,2010,Used,Automatic,Saloon,Petrol,1500.0,120000.0
12000000.0,Toyota,Raize,G 1200cc 2WD 2024,2024,Used,Automatic,Hatchback,Hybrid,1000.0,27000.0
7150000.0,Toyota,Axio,,2007,Used,Automatic,Saloon,Petrol,1500.0,154600.0
7350000.0,Toyota,Axio,G Grade,2007,Used,Automatic,Saloon,Petrol,1500.0,154000.0
10750000.0,Toyota,Raize,Z 1000cc (4WD) 2024,2024,Used,Automatic,Hatchback,Petrol,1000.0,32000.0
24700000.0,Mercedes Benz,Vito,CDI 119,2017,Used,Automatic,MPV,Diesel,2143.0,200000.0
4950000.0,Daihatsu,Mira,Daihatsu,2016,Used,Automatic,Hatchback,Petrol,650.0,125750.0
15000000.0,Audi,A3,Sedan,2016,Used,Automatic,Saloon,Petrol,1400.0,105000.0
5950000.0,Suzuki,Wagon R FX,2016,2016,Used,Automatic,Hatchback,Petrol,660.0,189000.0
11450000.0,Audi,A4,S Line,2012,Used,Automatic,Saloon,Petrol,1800.0,138000.0
6500000.0,Suzuki,Wagon R FZ,,2017,Used,Automatic,,Hybrid,660.0,99599.0
37000000.0,Toyota,Land Cruiser Prado,,2015,Used,Automatic,Hatchback,Petrol,2690.0,152000.0
9600000.0,Toyota,Hilux,,2007,Used,Manual,SUV / 4x4,Diesel,2500.0,187700.0
6550000.0,Nissan,Leaf,G AZEO 2023 40KW,2013,Used,Automatic,Hatchback,Electric,70.0,80000.0
8400000.0,Toyota,Aqua,,2014,Used,Automatic,Hatchback,Petrol,1500.0,91000.0
4200000.0,Micro,Panda Cross,2017,2017,Used,Automatic,Hatchback,Petrol,998.0,35865.0
8800000.0,Toyota,Aqua,G Grade 2016,2016,Used,Automatic,Hatchback,Hybrid,1500.0,150000.0
8275000.0,Hyundai,Tucson,,2013,Used,Tiptronic,SUV / 4x4,Diesel,2000.0,176000.0
2900000.0,Nissan,Sunny,Lucino Sports,1995,Used,Manual,Coupé/Sports,Petrol,1490.0,326555.0
37500000.0,Mercedes Benz,S400,L Hybrid LWB,2013,Used,Tiptronic,Saloon,Petrol,3500.0,89000.0
21000000.0,Ford,Raptor Ranger,ranger raptor,2018,Used,Automatic,SUV / 4x4,Diesel,2000.0,127000.0
42500000.0,BMW,740Le,LWB M SPORT,2018,Used,Tiptronic,Saloon,Petrol,2000.0,60000.0
8800000.0,MG,ZS,,2019,Used,Automatic,Hatchback,Petrol,1000.0,81000.0
56000000.0,Ford,Mustang,V8 GT 5 liter,2016,Used,Automatic,Convertible,Petrol,5000.0,11000.0
5600000.0,DFSK,Glory,330,2021,Used,Manual,,Diesel,1300.0,67000.0
4100000.0,Honda,City,,2001,Used,Automatic,Saloon,Petrol,1499.0,193000.0
1950000.0,Toyota,Corolla,DX WAGON,1984,Used,Manual,Hatchback,Petrol,1300.0,266813.0
775000.0,Honda,Civic,,1986,Used,Manual,Saloon,Petrol,1500.0,1000000.0
1622000.0,Maruti Suzuki,800,,2001,Used,Manual,Hatchback,Petrol,796.0,97000.0
10375000.0,Toyota,Axio,Hybrid G Grade,2014,Used,Automatic,Saloon,Hybrid,1500.0,96617.0
7000000.0,Toyota,Axio,X Grade,2007,Used,Automatic,Saloon,Petrol,1490.0,201549.0
5750000.0,Toyota,Vitz,KSP 90,2010,Used,Automatic,Hatchback,Petrol,1000.0,155800.0
6890000.0,Toyota,Passo,PUSH START SAFETY ,2016,Used,Automatic,Hatchback,Petrol,990.0,95568.0
800000.0,Nissan,Patrol,Nissan,1989,Used,Manual,Saloon,Petrol,601.0,120000.0
26000000.0,BMW,520d,F10,2015,Used,Automatic,Saloon,Diesel,2000.0,80765.0
9200000.0,Toyota,Vitz,2019,2019,Used,Automatic,Hatchback,Petrol,1000.0,82500.0
5650000.0,Toyota,Corolla,121,2003,Used,Automatic,Saloon,Petrol,1300.0,250844.0
13000000.0,Honda,Vezel,,2017,Used,Automatic,SUV / 4x4,Hybrid,1500.0,75600.0
2790000.0,Toyota,Corolla,AE 100 SE limited,1991,Used,Manual,Saloon,Petrol,1500.0,230000.0
9090000.0,Honda,Vezel,Orange Package,2014,Used,Automatic,Hatchback,Hybrid,1490.0,160000.0
12490000.0,Micro,Almaz,Full Option,2022,Used,Automatic,SUV / 4x4,Petrol,1490.0,48000.0
3585000.0,Suzuki,Alto,Alto 2014,2014,Used,Manual,Saloon,Petrol,800.0,120000.0
5900000.0,Toyota,Corolla,Toyota Corolla 121,2003,Used,Automatic,Saloon,Petrol,1500.0,150000.0
25300000.0,Toyota,Corolla,Cross Hybrid Z,2024,Used,Automatic,SUV / 4x4,Hybrid,1800.0,4600.0
8600000.0,Suzuki,Grand Vitara,,2015,Used,Automatic,SUV / 4x4,Petrol,2000.0,180000.0
11750000.0,Audi,A4,A4 B8,2012,Used,Automatic,Saloon,Petrol,1800.0,80500.0
15975000.0,Audi,A3,Full Option ,2023,Used,Automatic,Saloon,Petrol,1000.0,26000.0
5500000.0,Suzuki,Celerio,LXi,2016,Used,Manual,Hatchback,Petrol,998.0,45000.0
9490000.0,Toyota,Yaris,X Grade,2024,Used,Automatic,Hatchback,Petrol,1000.0,9000.0
13590000.0,Mitsubishi,Xpander,7 Seat,2018,Used,Automatic,SUV / 4x4,Petrol,1490.0,80000.0
19500000.0,Toyota,Fortuner,,2013,Used,Automatic,,Diesel,3000.0,141000.0
8650000.0,Nissan,Double cab,D 22 4WD,2011,Used,Manual,,Diesel,3200.0,180000.0
3290000.0,Nissan,March,K11 Auto,2001,Used,Automatic,Hatchback,Petrol,990.0,160000.0
7200000.0,Suzuki,Wagon R Stingray,,2018,Used,Automatic,,Hybrid,650.0,68000.0
14600000.0,Toyota,Premio,,2017,Used,Automatic,Saloon,Petrol,1500.0,77000.0
9950000.0,Toyota,Allion,G Grade ,2011,Used,Automatic,Saloon,Petrol,1490.0,108000.0
6200000.0,Daihatsu,Copen,Cero Convertible,2016,Used,Automatic,Convertible,Petrol,658.0,58000.0
3700000.0,Renault,KWID,,2017,Used,Manual,Hatchback,Petrol,800.0,117570.0
14650000.0,Toyota,Premio,G Superior,2018,Used,Automatic,Saloon,Petrol,1500.0,73000.0
9975000.0,Toyota,Allion,Toyota Allion 260,2012,Used,Automatic,Saloon,Petrol,1490.0,111656.0
1050000.0,Nissan,Sunny,B11,1985,Used,Manual,Saloon,Petrol,1300.0,250000.0
8800000.0,Toyota,Other Model,LEXUS,2007,Used,Automatic,,Hybrid,3311.0,95074.0
32500000.0,Mercedes Benz,GLB,200 Premium Plus,2020,Used,Automatic,SUV / 4x4,Petrol,1300.0,10000.0
4275000.0,Nissan,Sunny,FB15 Ex Saloon,2001,Used,Manual,Saloon,Petrol,1490.0,200000.0
9000000.0,Kia,Sorento,,2009,Used,Automatic,SUV / 4x4,Diesel,2200.0,215000.0
23500000.0,Audi,Q3,S Line,2019,Used,Automatic,SUV / 4x4,Petrol,1500.0,47000.0
21000000.0,Honda,CRV,Turbo 7Seater,2018,Used,Automatic,SUV / 4x4,Petrol,1500.0,122000.0
8300000.0,DFSK,Glory,580 SUV,2019,Used,Automatic,SUV / 4x4,Petrol,1500.0,39000.0
9750000.0,Mercedes Benz,Other Model,Citan,2015,Used,Manual,MPV,Diesel,1500.0,130000.0
7250000.0,Toyota,Allion,,2003,Used,Automatic,Saloon,Petrol,1500.0,226000.0
19550000.0,BMW,X1,M Sport,2016,Used,Automatic,SUV / 4x4,Petrol,1500.0,110000.0
15000000.0,Peugeot,3008,Allure -GT Line spec,2019,Used,Automatic,SUV / 4x4,Petrol,1200.0,34730.0
6800000.0,Toyota,Corolla,141 LX,2007,Used,Automatic,Saloon,Petrol,1600.0,177226.0
10890000.0,Toyota,Axio,G GRADE,2016,Used,Automatic,Saloon,Hybrid,1500.0,150000.0
9850000.0,Subaru,STI,9 WRX,2007,Used,Automatic,Saloon,Petrol,2000.0,89000.0
800000.0,Toyota,Tercel,1987,1987,Used,Manual,Station wagon,Petrol,1452.0,243000.0
8100000.0,Toyota,Allion,G PLUS ,2008,Used,Automatic,Saloon,Petrol,1500.0,165000.0
7090000.0,Nissan,Juke,,2010,Used,Automatic,SUV / 4x4,Petrol,1500.0,152000.0
16950000.0,Toyota,Land Cruiser Prado,120 1st owne sunroof,2008,Used,Automatic,SUV / 4x4,Petrol,2700.0,159000.0
11000000.0,Toyota,Prius,,2013,Used,Automatic,,Hybrid,1800.0,194000.0
4100000.0,Nissan,Sunny,N17 Super Saloon,2003,Used,Manual,Saloon,Petrol,1600.0,194000.0
1130000.0,Mitsubishi,Lancer,Box,1980,Used,Manual,Saloon,Petrol,1400.0,500000.0
3800000.0,Suzuki,Alto,Sports,2015,Used,Manual,Hatchback,Petrol,798.0,46585.0
5500000.0,Suzuki,Alto,,2017,Used,Automatic,,Petrol,660.0,95000.0
6200000.0,Kia,Picanto,2018,2018,Used,Automatic,Hatchback,Petrol,1000.0,37000.0
1500000.0,Toyota,Corolla,Deluxe,1985,Used,Manual,Station wagon,Petrol,1300.0,34500.0
18900000.0,Audi,A4,S Line Matrix,2018,Used,Automatic,Saloon,Petrol,1400.0,61000.0
26500000.0,Audi,Q7,S Line,2015,Used,Tiptronic,SUV / 4x4,Petrol,2000.0,134000.0
18750000.0,Audi,Q3,S Line,2019,Used,Tiptronic,SUV / 4x4,Petrol,1400.0,45000.0
9200000.0,Suzuki,Spacia,Custom Turbo 2024,2024,Used,Automatic,,Petrol,660.0,1800.0
11750000.0,Honda,Civic,EX HIGHEST GRADE ,2017,Used,Automatic,Saloon,Petrol,1000.0,85000.0
7980000.0,Toyota,Aqua,G Grade  ,2013,Used,Automatic,Hatchback,Hybrid,1500.0,158000.0
1485000.0,Nissan,Sunny,FB 13,1992,Used,Manual,Saloon,Diesel,1500.0,134522.0
4485000.0,Suzuki,A-Star,,2011,Used,Automatic,Hatchback,Petrol,1000.0,145000.0
5975000.0,Micro,Kyron,,2008,Used,Automatic,MPV,Diesel,2000.0,23625.0
2900000.0,Nissan,Sunny,Ex Saloon,1994,Used,Manual,Saloon,Petrol,1490.0,286270.0
335000.0,Toyota,Tercel,,1985,Used,Manual,Saloon,Petrol,1500.0,31522.0
4300000.0,Suzuki,Swift,Automatic,2004,Used,Automatic,Hatchback,Petrol,1320.0,134000.0
5275000.0,Toyota,Starlet,,2000,Used,Automatic,Hatchback,Petrol,1400.0,150000.0
21500000.0,Mercedes Benz,S300,LWB One of the Kind,2010,Used,Automatic,Saloon,Petrol,3000.0,99000.0
1250000.0,Mahindra,AX7L,1998,1988,Used,Manual,SUV / 4x4,Diesel,2000.0,555550.0
37000000.0,Land Rover,Discovery,S,2016,Used,Automatic,SUV / 4x4,Diesel,2993.0,59500.0
8800000.0,Toyota,Axio,Hybrid G Grade,2013,Used,Automatic,Saloon,Hybrid,1500.0,243500.0
2650000.0,Toyota,Corsa,1992,1992,Used,Manual,Hatchback,Diesel,1500.0,290000.0
1625000.0,Toyota,Carina,1987,1987,Used,Manual,Station wagon,Petrol,1500.0,124000.0
8990000.0,Toyota,Corolla,110 GLI,2013,Used,Automatic,Saloon,Petrol,1500.0,60000.0
1800000.0,Tata,Nano,,2016,Used,Manual,Hatchback,Petrol,624.0,40000.0
6500000.0,Toyota,Allion,,2003,Used,Automatic,Saloon,Petrol,1500.0,214564.0
7850000.0,Suzuki,Swift,2017 RS,2017,Used,Automatic,Saloon,Petrol,1000.0,70000.0
2280000.0,Nissan,Sunny,,1991,Used,Manual,Saloon,Petrol,1490.0,275343.0
22500000.0,BMW,318ti,M SPORTS ,2018,Used,Automatic,Saloon,Petrol,1500.0,90000.0
13500000.0,Toyota,Premio,G SUPERIOR ,2016,Used,Automatic,Saloon,Petrol,1500.0,145000.0
2075000.0,Mazda,Other Model,323 LX,1994,Used,Manual,Saloon,Petrol,1300.0,140000.0
2817000.0,Nissan,Pulsar,CJ-2,1996,Used,Automatic,Saloon,Petrol,1490.0,258000.0
2050000.0,Suzuki,Maruti,Maruti,2005,Used,Manual,Hatchback,Petrol,793.0,95000.0
5825000.0,Perodua,Axia,G,2018,Used,Automatic,Hatchback,Petrol,1000.0,83000.0
13000000.0,Toyota,Prius,2016 4th gen,2016,Used,Automatic,Hatchback,Hybrid,1800.0,165000.0
7525000.0,Toyota,Aqua,,2012,Used,Automatic,Hatchback,Petrol,1500.0,139000.0
8975000.0,Volkswagen,Passat,,2011,Used,Automatic,Saloon,Petrol,1995.0,109000.0
6475000.0,Toyota,Aqua,,2012,Used,Automatic,Hatchback,Hybrid,1500.0,142000.0
3850000.0,Suzuki,Estilo,,2010,Used,Manual,Hatchback,Petrol,1000.0,120000.0
7500000.0,Daihatsu,Boon,Cliq Passo Moda,2017,Used,Automatic,Hatchback,Petrol,990.0,52000.0
2000000.0,Toyota,Camry,toyota camry,1990,Used,Manual,,Diesel,1970.0,200000.0
900000.0,Toyota,Corolla,KE20,1980,Used,Manual,Saloon,Petrol,1200.0,195558.0
1930000.0,Tata,Indica,,2006,Used,Manual,Hatchback,Petrol,1390.0,86000.0
4450000.0,Nissan,Sunny,FB15 EX Saloon,2003,Used,Automatic,Saloon,Petrol,1500.0,192166.0
7250000.0,Toyota,Axio,141,2008,Used,Automatic,Saloon,Petrol,1500.0,165000.0
16950000.0,Jeep,Compass,Limited Edition,2019,Used,Automatic,SUV / 4x4,Petrol,1400.0,46000.0
8250000.0,DFSK,Glory,580 VT5,2021,Used,Automatic,,Petrol,1500.0,70000.0
2950000.0,Toyota,Corolla,CE110,1996,Used,Automatic,Saloon,Diesel,1997.0,300000.0
7250000.0,Toyota,Prius,20 2nd Gen,2011,Used,Automatic,Saloon,Hybrid,1500.0,212000.0
1550000.0,Toyota,Corolla,,1987,Used,Manual,,Petrol,1490.0,204000.0
6990000.0,Mahindra,KUV 100,Next k8+,2023,Used,Automatic,Hatchback,Diesel,1200.0,15000.0
13450000.0,Toyota,CHR,Ngx 10 black top,2018,Used,Automatic,SUV / 4x4,Petrol,1200.0,61000.0
1450000.0,Ford,Laser,,1993,Used,Manual,Saloon,Petrol,1300.0,50000.0
12500000.0,Kia,Other Model,Kia Sonet GT Line,2025,Used,Automatic,SUV / 4x4,Petrol,1000.0,9750.0
4675000.0,Suzuki,Celerio,Vxi Auto ,2014,Used,Automatic,Hatchback,Petrol,1000.0,103000.0
16950000.0,Toyota,CHR,NGX-10 ,2023,Used,Automatic,Hatchback,Petrol,1200.0,19000.0
7225000.0,Toyota,Axio,,2008,Used,Automatic,Saloon,Petrol,1500.0,176000.0
6275000.0,Micro,Actyon,Double Cab,2008,Used,Manual,SUV / 4x4,Diesel,1998.0,126531.0
6375000.0,Suzuki,Wagon R,J Style,2015,Used,Automatic,Hatchback,Hybrid,650.0,95000.0
10900000.0,Toyota,Premio,,2014,Used,Automatic,Saloon,Petrol,1500.0,119890.0
11750000.0,Ssang Yong,Rexton,W,2015,Used,Automatic,SUV / 4x4,Diesel,2000.0,110000.0
18500000.0,Mercedes Benz,CLA 180,CLA 180,2017,Used,Automatic,Saloon,Petrol,1590.0,62000.0
10300000.0,Kia,Sorento,,2011,Used,Automatic,SUV / 4x4,Diesel,2200.0,133000.0
5900000.0,Nissan,Leaf,G Grade,2013,Used,Automatic,Hatchback,Electric,80.0,88400.0
5550000.0,Toyota,Vitz,Toyota Vitz,2009,Used,Automatic,Hatchback,Petrol,1000.0,130456.0
14500000.0,Toyota,Premio,,2016,Used,Automatic,,Petrol,1500.0,148000.0
1250000.0,Nissan,Other Model,Nissan B11 1986,1986,Used,Manual,Coupé/Sports,Petrol,1300.0,200000.0
15890000.0,Peugeot,5008,GT Line,2019,Used,Automatic,SUV / 4x4,Petrol,1200.0,130000.0
1400000.0,Mazda,Other Model,MR90,1993,Used,Manual,Hatchback,Petrol,1400.0,56000.0
10550000.0,Toyota,Allion,G Grade ,2012,Used,Automatic,Saloon,Petrol,1490.0,195000.0
66500000.0,Land Rover,Range Rover,,2018,Used,Automatic,SUV / 4x4,Petrol,2000.0,25000.0
9500000.0,Land Rover,Freelander,TD4GS,2012,Used,Automatic,SUV / 4x4,Diesel,2200.0,220000.0
7450000.0,Toyota,Aqua,,2012,Used,Automatic,Hatchback,Hybrid,1498.0,146000.0
11100000.0,Honda,Civic,Civic SR,2017,Used,Automatic,Hatchback,Petrol,1000.0,68000.0
9200000.0,Honda,Vezel,Z,2014,Used,Automatic,SUV / 4x4,Petrol,1490.0,15300.0
5450000.0,Daihatsu,Hijet,S 32 1V Hijet,2016,Used,Automatic,MPV,Petrol,650.0,95000.0
1200000.0,Toyota,Carina,AT150,1980,Used,Manual,Saloon,Petrol,1500.0,243900.0
2680000.0,Toyota,Corolla,EE106,1993,Used,Manual,Station wagon,Petrol,1250.0,255162.0
11800000.0,Honda,Civic,SR,2018,Used,Automatic,Hatchback,Petrol,1000.0,48505.0
7250000.0,Honda,Fit,GP5,2014,Used,Automatic,Hatchback,Hybrid,1500.0,160000.0
8850000.0,Suzuki,Swift,Rs Sports Turbo,2018,Used,Automatic,Hatchback,Petrol,1000.0,56000.0
18650000.0,Toyota,Harrier,Hybrid,2014,Used,Automatic,SUV / 4x4,Hybrid,2490.0,177000.0
8190000.0,Toyota,Tank,GS CUSTOM,2017,Used,Automatic,Hatchback,Petrol,1000.0,73000.0
1885000.0,Honda,Civic,Grand Civic,1990,Used,Automatic,Saloon,Petrol,1500.0,150000.0
2995000.0,Micro,Panda,Micro,2012,Used,Manual,Hatchback,Petrol,1000.0,98656.0
1985000.0,Suzuki,Maruti,800,2004,Used,Manual,Hatchback,Petrol,800.0,80394.0
9000000.0,Toyota,Allion,,2007,Used,Automatic,Saloon,Petrol,1400.0,180000.0
3995000.0,Renault,KWID,800,2017,Used,Manual,Hatchback,Petrol,800.0,127300.0
2650000.0,Suzuki,Alto,2006,2006,Used,Manual,Hatchback,Petrol,800.0,137000.0
1850000.0,Nissan,Sunny,Diesel,1993,Used,Manual,Saloon,Diesel,1300.0,95000.0
9650000.0,Toyota,Premio,,2010,Used,Automatic,Saloon,Petrol,1500.0,220000.0
2625000.0,Suzuki,Alto,Suzuki,2006,Used,Manual,Hatchback,Petrol,800.0,159600.0
16850000.0,Honda,Vezel,vezel z,2024,Used,Automatic,SUV / 4x4,Hybrid,1500.0,11000.0
13800000.0,Audi,Q2,TFSI,2017,Used,Automatic,SUV / 4x4,Petrol,990.0,91000.0
15800000.0,BMW,X1,M Sport ,2016,Used,Automatic,SUV / 4x4,Petrol,1500.0,99000.0
14000000.0,Mitsubishi,Montero,Sport,2011,Used,Automatic,SUV / 4x4,Diesel,2500.0,117100.0
7300000.0,Suzuki,Wagon R FZ,,2025,Used,Automatic,,Petrol,650.0,2550.0
12350000.0,Toyota,CHR,NGX50,2018,Used,Automatic,SUV / 4x4,Petrol,1200.0,85000.0
6475000.0,Toyota,Aqua,,2012,Used,Automatic,Hatchback,Hybrid,1500.0,142000.0
3665000.0,Suzuki,Alto,800 LXI,2015,Used,Manual,,Petrol,800.0,88000.0
5475000.0,Perodua,Axia,G,2016,Used,Automatic,Hatchback,Petrol,1000.0,106000.0
7900000.0,Toyota,Vitz,Safety 1,2018,Used,Automatic,Hatchback,Petrol,1000.0,67000.0
20800000.0,Mercedes Benz,S300,Long Wheel Base ,2011,Used,Automatic,Saloon,Petrol,3000.0,81000.0
62500000.0,Land Rover,Range Rover,Vouge SWB,2018,Used,Automatic,SUV / 4x4,Hybrid,2000.0,43000.0
11300000.0,Toyota,Premio,Premio G Superior,2015,Used,Automatic,Hatchback,Petrol,1500.0,169000.0
5500000.0,Mahindra,KUV 100,,2022,Used,Manual,Hatchback,Petrol,1197.0,30000.0
11650000.0,Toyota,Axio,WXB,2017,Used,Automatic,Saloon,Hybrid,1490.0,97000.0
4500000.0,Suzuki,Celerio,LX1,2015,Used,Manual,Hatchback,Petrol,1000.0,100989.0
5500000.0,Nissan,AD Wagon,,2010,Used,Automatic,Station wagon,Petrol,1300.0,138000.0
12800000.0,Toyota,CHR,NGX10,2018,Used,Automatic,SUV / 4x4,Petrol,1200.0,95000.0
33000000.0,Jaguar,F-Pace,Highest Spec25t,2019,Used,Automatic,SUV / 4x4,Petrol,2000.0,16000.0
25000000.0,Mercedes Benz,CLA 200,AMG Premium Plus,2019,Used,Automatic,Saloon,Petrol,1300.0,37000.0
1425000.0,Toyota,Carina,Toyota,1984,Used,Manual,Saloon,Petrol,1450.0,344400.0
5000000.0,Suzuki,Swift,2007,2007,Used,Automatic,Hatchback,Petrol,1300.0,142000.0
3250000.0,Perodua,Kelisa,Automatic,2006,Used,Automatic,Hatchback,Petrol,1000.0,137000.0
7250000.0,Toyota,Aqua,,2013,Used,Automatic,Hatchback,Hybrid,1500.0,170000.0
37500000.0,Toyota,Land Cruiser Prado,TX,2015,Used,Automatic,SUV / 4x4,Diesel,3000.0,197000.0
5675000.0,Suzuki,Wagon R Stingray,J style ,2014,Used,Automatic,Hatchback,Hybrid,660.0,88000.0
33000000.0,Toyota,Land Cruiser Prado,,2015,Used,Automatic,SUV / 4x4,Petrol,2700.0,137000.0
5300000.0,Mahindra,KUV 100,,2021,Used,Manual,SUV / 4x4,Petrol,1200.0,71000.0
16500000.0,Honda,CRV,VTIL 7 Seater,2018,Used,Automatic,SUV / 4x4,Petrol,1500.0,110000.0
21800000.0,Audi,A5,A5 Sline,2018,Used,Automatic,Saloon,Petrol,1500.0,50000.0
2675000.0,Micro,Panda,,2011,Used,Manual,Hatchback,Petrol,1000.0,115970.0
8200000.0,Toyota,Axio,petrol 141,2012,Used,Automatic,Saloon,Petrol,1500.0,86000.0
6190000.0,Daihatsu,Terios,Cross Over,2006,Used,Automatic,SUV / 4x4,Petrol,1500.0,196000.0
11500000.0,Honda,Grace,Ex,2016,Used,Automatic,Saloon,Hybrid,1500.0,121475.0
3550000.0,Suzuki,Alto,,2015,Used,Manual,,Petrol,800.0,83000.0
36500000.0,Land Rover,Range Rover,Sport 3.0L Diesal,2015,Used,Automatic,SUV / 4x4,Diesel,3000.0,50000.0
29500000.0,Honda,CRV,Honda,2024,Used,Automatic,SUV / 4x4,Petrol,1500.0,15500.0
5745000.0,Suzuki,Wagon R FZ,2015,2015,Used,Automatic,Hatchback,Hybrid,660.0,118000.0
12500000.0,Nissan,X-Trail,,2015,Used,Automatic,Hatchback,Hybrid,2000.0,58000.0
1800000.0,Nissan,AD Wagon,,2001,Used,Automatic,Station wagon,Diesel,1970.0,265000.0
47000000.0,Toyota,Land Cruiser Prado,,2017,Used,Automatic,SUV / 4x4,Petrol,2755.0,39000.0
9500000.0,Toyota,Allion,G Grade,2011,Used,Automatic,Saloon,Petrol,1500.0,100000.0
7250000.0,Suzuki,Wagon R,Premium,2019,Used,Automatic,,Hybrid,660.0,108500.0
8200000.0,Honda,Fit,GP5 L Garde,2013,Used,Automatic,Hatchback,Hybrid,1500.0,80190.0
7800000.0,Honda,Fit,GP5 L Garde,2013,Used,Automatic,Hatchback,Hybrid,1500.0,99350.0
11250000.0,Honda,Grace,Honda,2016,Used,Automatic,Saloon,Hybrid,1500.0,68000.0
8500000.0,DFSK,Glory,580,2020,Used,Automatic,SUV / 4x4,Petrol,1500.0,80000.0
6975000.0,Toyota,Rush,,2009,Used,Automatic,SUV / 4x4,Petrol,1500.0,152442.0
6950000.0,Honda,Fit,GP1,2013,Used,Automatic,Hatchback,Hybrid,1500.0,175000.0
8875000.0,Toyota,Axio,G Grade ,2013,Used,Automatic,Saloon,Hybrid,1496.0,121000.0
1335000.0,Tata,Nano,2011,2011,Used,Manual,Saloon,Petrol,620.0,25000.0
7470000.0,Toyota,Prius,2nd Gen,2011,Used,Automatic,Saloon,Hybrid,1500.0,168000.0
5500000.0,Toyota,Vitz,KSP 90,2010,Used,Automatic,Hatchback,Petrol,1000.0,128000.0
1400000.0,Bajaj,Qute,,2026,Used,Manual,Hatchback,Petrol,110.0,77922.0
5475000.0,Suzuki,Swift,Style,2007,Used,Automatic,Hatchback,Petrol,1300.0,125000.0
11800000.0,Toyota,Axio,WXB,2017,Used,Automatic,Saloon,Hybrid,1500.0,96400.0
4275000.0,Nissan,Sunny,N16 AUTO 1.5cc KA-,2001,Used,Automatic,Saloon,Petrol,1490.0,190000.0
25500000.0,Mercedes Benz,E220,Diesel Premium AMG ,2016,Used,Automatic,Saloon,Diesel,2000.0,84000.0
19500000.0,Toyota,Esquire,,2015,Used,Automatic,MPV,Hybrid,1800.0,107000.0
1285000.0,Mitsubishi,Other Model,Lancer Bix,1979,Used,Manual,Saloon,Petrol,1400.0,65000.0
7800000.0,Nissan,Leaf,,2014,Used,Automatic,Hatchback,Electric,600.0,150000.0
6200000.0,Ssang Yong,Kyron,,2008,Used,Automatic,SUV / 4x4,Diesel,2000.0,167300.0
10450000.0,Toyota,Axio,G Grade,2015,Used,Automatic,Saloon,Hybrid,1500.0,110000.0
5900000.0,Honda,Fit,GP1,2012,Used,Automatic,Hatchback,Hybrid,1330.0,182000.0
2390000.0,Tata,Nano,Automatic,2017,Used,Automatic,,Petrol,650.0,60240.0
8990000.0,MG,ZS,,2018,Used,Automatic,SUV / 4x4,Petrol,1000.0,52300.0
15500000.0,Mercedes Benz,E200,CGI Avantgarde,2011,Used,Tiptronic,Saloon,Petrol,1800.0,48000.0
5200000.0,Mitsubishi,Montero,io Jeep,2001,Used,Manual,,Petrol,1800.0,190000.0
11875000.0,Mini,Cooper,Countryman,2013,Used,Automatic,Hatchback,Petrol,1600.0,58000.0
7950000.0,Volkswagen,Polo,GT TSI,2016,Used,Automatic,Hatchback,Petrol,1200.0,96000.0
36500000.0,Toyota,Land Cruiser Prado,TX-150,2015,Used,Automatic,SUV / 4x4,Petrol,2700.0,81000.0
4550000.0,Suzuki,Alto,Japan,2010,Used,Automatic,Hatchback,Petrol,650.0,128500.0
2275000.0,Toyota,Corolla,Full Option,1991,Used,Manual,Saloon,Diesel,2000.0,350000.0
19800000.0,Toyota,Hilux,Rocco B5,2018,Used,Automatic,SUV / 4x4,Diesel,2800.0,120000.0
6600000.0,Suzuki,Wagon R,Suzuki,2015,Used,Automatic,,Hybrid,650.0,82000.0
7300000.0,Suzuki,XBee,,2018,Used,Tiptronic,Hatchback,Hybrid,1000.0,136000.0
79000000.0,Mercedes Benz,GLE 400,AMG Line Premium,2025,Used,Automatic,SUV / 4x4,Hybrid,2000.0,11000.0
7500000.0,Honda,Fit,GP5,2014,Used,Automatic,Hatchback,Petrol,1500.0,108000.0
32800000.0,Mercedes Benz,C200,AMG Line,2023,Used,Tiptronic,Saloon,Petrol,1500.0,14400.0
11000000.0,Honda,Civic,,2017,Used,Automatic,,Petrol,1000.0,64500.0
13000000.0,Toyota,CHR,NGX 50,2018,Used,Automatic,SUV / 4x4,Petrol,1200.0,58000.0
5550000.0,Suzuki,Wagon R FX,,2017,Used,Automatic,Hatchback,Petrol,660.0,131000.0
2150000.0,Maruti Suzuki,800,,2007,Used,Manual,,Petrol,800.0,64000.0
1385000.0,Tata,Nano,CX,2012,Used,Manual,Hatchback,Petrol,650.0,133000.0
8540000.0,Audi,A1,,2015,Used,Automatic,Hatchback,Petrol,1000.0,114000.0
70000000.0,Land Rover,Range Rover,,2018,Used,Automatic,SUV / 4x4,Petrol,2000.0,80000.0
2195000.0,Nissan,Wingroad,1998,1998,Used,Manual,Station wagon,Petrol,1300.0,167000.0
8950000.0,Nissan,X-Trail,2015,2015,Used,Automatic,,Hybrid,1500.0,109000.0
13000000.0,Mitsubishi,Montero,Mitsubishi,2000,Used,Manual,SUV / 4x4,Diesel,2800.0,210000.0
3600000.0,Suzuki,Other Model,KEI,2003,Used,Automatic,,Petrol,650.0,84681.0
5600000.0,Kia,Sorento,EX,2004,Used,Automatic,SUV / 4x4,Diesel,2497.0,228400.0
5600000.0,Mahindra,KUV 100,KUV 100,2022,Used,Manual,Hatchback,Petrol,1200.0,14900.0
7200000.0,Toyota,Vitz,Toyota Vitz Auto,2015,Used,Automatic,Hatchback,Petrol,1000.0,125000.0
875000.0,Nissan,Sunny,B11,1985,Used,Manual,Saloon,Petrol,1500.0,45223.0
3650000.0,Nissan,Other Model,FB15,2001,Used,Automatic,Saloon,Petrol,1500.0,175000.0
1700000.0,Ford,Laser,,1992,Used,Manual,Saloon,Petrol,1300.0,100000.0
3850000.0,Peugeot,206,Sport,2003,Used,Automatic,Hatchback,Petrol,1360.0,210000.0
36750000.0,Toyota,Land Cruiser Prado,TRJ 150 G Frontier,2017,Used,Automatic,SUV / 4x4,Petrol,2700.0,128000.0
8600000.0,MG,ZS,,2018,Used,Automatic,SUV / 4x4,Petrol,999.0,96000.0
8100000.0,Honda,Fit,S Grade,2015,Used,Tiptronic,Hatchback,Hybrid,1500.0,103000.0
6950000.0,Toyota,Aqua,S GRADE,2012,Used,Automatic,Hatchback,Hybrid,1490.0,137000.0
7990000.0,Toyota,Vitz,SAFETY,2018,Used,Automatic,Hatchback,Petrol,990.0,76000.0
14500000.0,Mitsubishi,Pajero,,2007,Used,Automatic,SUV / 4x4,Petrol,3200.0,45000.0
3450000.0,Micro,Panda,,2017,Used,Manual,Hatchback,Petrol,998.0,34666.0
8500000.0,Kia,Sportage,,2012,Used,Automatic,SUV / 4x4,Petrol,1998.0,173925.0
6275000.0,Perodua,Axia,,2019,Used,Automatic,Hatchback,Petrol,1000.0,108000.0
4675000.0,Hyundai,Eon,,2016,Used,Manual,Hatchback,Petrol,814.0,72535.0
3390000.0,Micro,Panda,,2015,Used,Manual,Hatchback,Petrol,997.0,67970.0
3590000.0,Micro,Panda,,2018,Used,Manual,Hatchback,Petrol,998.0,50723.0
3390000.0,Micro,Panda,,2016,Used,Manual,Hatchback,Petrol,998.0,40612.0
3500000.0,Mitsubishi,Lancer,GLX CB 8,1994,Used,Manual,Saloon,Diesel,2000.0,260000.0
9450000.0,Toyota,Premio,,2010,Used,Automatic,Saloon,Petrol,1500.0,152000.0
15000000.0,BMW,225XE,BMW,2019,Used,Tiptronic,Hatchback,Hybrid,1500.0,45000.0
9390000.0,Suzuki,Grand Vitara,SX4,2019,Used,Automatic,SUV / 4x4,Petrol,1000.0,160000.0
6600000.0,Toyota,Aqua,Aqua,2012,Used,Automatic,Hatchback,Hybrid,1500.0,128000.0
6485000.0,Toyota,Pixis,Joy G Grade,2018,Used,Automatic,Hatchback,Petrol,650.0,76000.0
1990000.0,Nissan,Dutsun,Double Cab,1985,Used,Manual,SUV / 4x4,Diesel,2300.0,385000.0
18900000.0,Audi,A4,Highest Spec,2018,Used,Automatic,Saloon,Petrol,1400.0,49000.0
3590000.0,Micro,Panda,,2015,Used,Manual,Hatchback,Petrol,998.0,34898.0
5975000.0,Hyundai,Grand i10,2016,2016,Used,Tiptronic,Hatchback,Petrol,1000.0,24000.0
13500000.0,Honda,Civic,ExTech Pack,2018,Used,Automatic,Saloon,Petrol,1000.0,40600.0
55500000.0,Toyota,Land Cruiser Prado,TX LIMITED ,2023,Used,Automatic,SUV / 4x4,Petrol,2780.0,7000.0
3650000.0,Suzuki,Alto,Suzuki,2015,Used,Manual,,Petrol,800.0,139000.0
3150000.0,Toyota,Corolla,1996,1996,Used,Automatic,Hatchback,Petrol,1330.0,196000.0
28000000.0,BMW,530e,M Sport,2017,Used,Automatic,Saloon,Petrol,2000.0,64500.0
9550000.0,Toyota,Prius,G Sola Sunroof,2010,Used,Automatic,Hatchback,Hybrid,1798.0,184500.0
5200000.0,Suzuki,Alto,Japan,2016,Used,Automatic,Hatchback,Petrol,660.0,105000.0
5650000.0,Toyota,Vitz,,2008,Used,Automatic,Hatchback,Petrol,990.0,170000.0
6150000.0,Micro,Kyron,,2008,Used,Automatic,SUV / 4x4,Diesel,1998.0,235000.0
9750000.0,Mercedes Benz,C180,Avantgarde,2010,Used,Tiptronic,Saloon,Petrol,1600.0,138000.0
8550000.0,Toyota,Aqua,Aqua,2015,Used,Automatic,Hatchback,Hybrid,1500.0,150000.0
5975000.0,Micro,Korondo,,2012,Used,Automatic,Hatchback,Diesel,2000.0,176241.0
5150000.0,Nissan,Leaf,2013,2013,Used,Automatic,Hatchback,Electric,1800.0,57150.0
16500000.0,Honda,Civic,FK7 1500cc,2017,Used,Automatic,,Petrol,1500.0,135000.0
16500000.0,BMW,318i,,2018,Used,Automatic,,Petrol,1490.0,150000.0
7300000.0,Honda,Fit,Gp1,2013,Used,Automatic,Station wagon,Hybrid,1300.0,57450.0
10700000.0,Nissan,Qashqai,Tekna,2018,Used,Automatic,SUV / 4x4,Petrol,1200.0,61500.0
17000000.0,Land Rover,Range Rover Evoque,HSE Line,2013,Used,Automatic,SUV / 4x4,Diesel,2200.0,72000.0
35000000.0,Porsche,Panamera,S hybrid,2014,Used,Tiptronic,Saloon,Hybrid,3000.0,74000.0
14500000.0,Volkswagen,Tiguan,2018,2018,Used,Automatic,SUV / 4x4,Petrol,1399.0,78000.0
5150000.0,Toyota,Vitz,KSP 90,2009,Used,Automatic,,Petrol,1000.0,120000.0
15500000.0,Toyota,Voxy,,2014,Used,Automatic,MPV,Hybrid,1800.0,164000.0
15250000.0,Mercedes Benz,E200,,2011,Used,Automatic,Saloon,Petrol,1800.0,98000.0
9000000.0,Suzuki,Vitara,,2013,Used,Automatic,SUV / 4x4,Petrol,2000.0,85000.0
10800000.0,Toyota,Prius,2014,2014,Used,Automatic,Hatchback,Hybrid,1800.0,144000.0
7000000.0,Honda,Fit,GP5 (Pure Petrol),2014,Used,Automatic,Hatchback,Petrol,1300.0,86000.0
4600000.0,Suzuki,Celerio,,2015,Used,Automatic,Hatchback,Petrol,1000.0,167500.0
4500000.0,Austin,Mini Cooper,,1960,Used,Tiptronic,Hatchback,Petrol,1300.0,55000.0
950000.0,Nissan,Qashqai,326G,2017,Used,Automatic,SUV / 4x4,Petrol,1200.0,236000.0
4475000.0,Nissan,Sunny,,2007,Used,Manual,Saloon,Petrol,1300.0,112800.0
6750000.0,Honda,Civic,FD4,2010,Used,Automatic,Saloon,Petrol,1500.0,194000.0
1070000.0,Nissan,Sunny,B211,1976,Used,Manual,Saloon,Petrol,1200.0,45000.0
685000.0,Mitsubishi,Lancer,L Light,1973,Used,Manual,Saloon,Petrol,1200.0,57700.0
2250000.0,Nissan,Sunny,,1989,Used,Manual,Saloon,Diesel,1680.0,220000.0
8500000.0,Toyota,Vitz,,2018,Used,Automatic,Hatchback,Petrol,990.0,78982.0
38500000.0,Land Rover,Range Rover Sport,HSE,2019,Used,Tiptronic,SUV / 4x4,Diesel,2000.0,69000.0
14000000.0,Mitsubishi,Montero,Sport,2011,Used,Tiptronic,SUV / 4x4,Diesel,2500.0,327000.0
42500000.0,Mercedes Benz,S400,LWB DESIGNO EDITION,2014,Used,Tiptronic,Saloon,Petrol,3500.0,40000.0
13990000.0,Audi,A3,S Line RS,2018,Used,Automatic,Saloon,Petrol,1000.0,115500.0
8200000.0,Honda,Fit,2015,2015,Used,Tiptronic,Hatchback,Hybrid,1500.0,15083.0
29900000.0,Audi,Q7,TFSI QUATTRO,2018,Used,Tiptronic,Station wagon,Petrol,2000.0,71000.0
11100000.0,Toyota,Axio,Toyota Axio WXB 2017,2017,Used,Automatic,Saloon,Hybrid,1500.0,179000.0
1760000.0,Nissan,Sunny,,1986,Used,Manual,Saloon,Petrol,1488.0,75000.0
32500000.0,Porsche,Macan,HIGH SPEC ,2017,Used,Tiptronic,SUV / 4x4,Petrol,2000.0,55000.0
2050000.0,Nissan,Sunny,FB12 EX Saloon ,1988,Used,Manual,Saloon,Petrol,1500.0,200000.0
5600000.0,BMW,520i,e39,1996,Used,Manual,Saloon,Petrol,2000.0,60000.0
18550000.0,Lexus,NX300H,LUXURY FULL SPEC,2015,Used,Tiptronic,SUV / 4x4,Petrol,2500.0,115000.0
16500000.0,Audi,A4,S-LINE ,2018,Used,Tiptronic,SUV / 4x4,Petrol,1400.0,67000.0
48000000.0,Toyota,Land Cruiser Sahara,V8 202 BRUNO CROSS,2015,Used,Tiptronic,SUV / 4x4,Petrol,2000.0,70000.0
75000000.0,Land Rover,Range Rover,AUTOBIOGRAPHY,2019,Used,Tiptronic,SUV / 4x4,Petrol,2000.0,15000.0
43500000.0,Land Rover,Range Rover Sport,HSE P400e MATT PAINT,2019,Used,Tiptronic,SUV / 4x4,Petrol,2000.0,44000.0
10500000.0,Honda,Grace,Honda Grace EX,2016,Used,Automatic,Saloon,Hybrid,1500.0,85400.0
12990000.0,Honda,City,Rs Vtec Turbo,2025,Used,Automatic,Saloon,Petrol,1000.0,2700.0
5290000.0,Suzuki,Swift,JAPAN,2005,Used,Automatic,Hatchback,Petrol,1320.0,172000.0
6995000.0,Perodua,Bezza,2020 Facelift,2020,Used,Automatic,Saloon,Petrol,1000.0,102000.0
7695000.0,Toyota,Aqua,,2014,Used,Automatic,,Hybrid,1500.0,141929.0
9200000.0,Hyundai,Tucson,Fully Loaded,2013,Used,Automatic,SUV / 4x4,Diesel,2000.0,82899.0
795000.0,Hyundai,Stellar,,1988,Used,Manual,,Petrol,1500.0,152996.0
5100000.0,Suzuki,Swift,,2004,Used,Automatic,Hatchback,Petrol,1300.0,93116.0
29500000.0,Audi,Q7,3000CC  V6 S-LINE,2017,Used,Tiptronic,SUV / 4x4,Petrol,3000.0,69000.0
4700000.0,Toyota,Carina,,1997,Used,Automatic,Saloon,Diesel,1970.0,220000.0
2850000.0,Suzuki,Alto,,2010,Used,Manual,,Petrol,800.0,200000.0
12050000.0,Toyota,Raize,Z Grade (Black Top),2024,Used,Automatic,SUV / 4x4,Petrol,1200.0,8600.0
24500000.0,Jaguar,F-Pace,2018,2018,Used,Automatic,SUV / 4x4,Petrol,2000.0,75000.0
6690000.0,Honda,N-Box,Custom Turbo,2017,Used,Automatic,Hatchback,Hybrid,650.0,69000.0
1150000.0,Toyota,Carina,AT150,1985,Used,Manual,Saloon,Petrol,1500.0,210000.0
16500000.0,Honda,CRV,2018,2018,Used,Automatic,SUV / 4x4,Petrol,1500.0,94000.0
7200000.0,Toyota,Vitz,,2016,Used,Automatic,Hatchback,Petrol,1000.0,66000.0
875000.0,Toyota,Carina,,1985,Used,Manual,,Petrol,1450.0,20000.0
5100000.0,Suzuki,Celerio,Suzuki Celerio VXI,2015,Used,Automatic,Hatchback,Petrol,1000.0,100450.0
1400000.0,Toyota,Corona,Toyota,1987,Used,Manual,Saloon,Petrol,1452.0,40000.0
10800000.0,Kia,Sorento,2011,2011,Used,Automatic,SUV / 4x4,Diesel,2200.0,223500.0
11000000.0,Toyota,Axio,G Grade,2016,Used,Automatic,Saloon,Petrol,1500.0,164000.0
27800000.0,Toyota,Fortuner,3.0L 1KD,2016,Used,Automatic,SUV / 4x4,Diesel,3000.0,101000.0
7300000.0,Toyota,Tank,Toyota Tank 2018,2018,Used,Automatic,,Petrol,1000.0,69500.0
11600000.0,Toyota,Axio,G Grade,2017,Used,Automatic,Saloon,Hybrid,1500.0,115500.0
13000000.0,Toyota,Axio,WXB,2019,Used,Automatic,Saloon,Hybrid,1500.0,74500.0
24900000.0,Toyota,Land Cruiser Prado,TX 150,2010,Used,Automatic,SUV / 4x4,Petrol,2700.0,173000.0
13350000.0,Hyundai,Santa Fe,2015,2015,Used,Tiptronic,SUV / 4x4,Petrol,2400.0,67000.0
3250000.0,Peugeot,Other Model,504,1973,Used,Manual,Saloon,Petrol,2000.0,139000.0
8800000.0,Toyota,Axio,,2015,Used,Automatic,Saloon,Hybrid,1490.0,172439.0
2400000.0,Hyundai,Other Model,Spectra,2001,Used,Manual,Saloon,Petrol,1600.0,94345.0
5500000.0,Mahindra,KUV 100,,2021,Used,Manual,Hatchback,Petrol,1200.0,15000.0
2450000.0,Suzuki,Maruti,800,2012,Used,Manual,Hatchback,Petrol,800.0,50000.0
4500000.0,Peugeot,Other Model,207,2007,Used,Automatic,Hatchback,Petrol,1490.0,131000.0
11500000.0,Nissan,X-Trail,Sports Edition,2016,Used,Automatic,SUV / 4x4,Hybrid,2000.0,128230.0
6500000.0,Kia,Sportage,,2011,Used,Tiptronic,SUV / 4x4,Petrol,2200.0,280664.0
900000.0,Toyota,Carina,,1987,Used,Manual,Saloon,Petrol,1450.0,319200.0
2650000.0,Hyundai,Accent,,2003,Used,Manual,Saloon,Petrol,1341.0,150000.0
6470000.0,Honda,Fit,GP1,2013,Used,Automatic,Hatchback,Hybrid,1300.0,161000.0
7800000.0,Toyota,Aqua,,2014,Used,Automatic,Hatchback,Petrol,1490.0,156200.0
5000000.0,Kia,Rio,,2015,Used,Tiptronic,Saloon,Petrol,1400.0,195680.0
9349000.0,Suzuki,S-Cross,,2018,Used,Automatic,,Petrol,1000.0,43000.0
5000000.0,Kia,Rio,,2015,Used,Tiptronic,Saloon,Petrol,1400.0,152727.0
14990000.0,Audi,A3,S LINE ,2019,Used,Automatic,Saloon,Petrol,1000.0,61500.0
6695000.0,Mitsubishi,Lancer,CS1,2007,Used,Manual,Saloon,Petrol,1300.0,145380.0
1800000.0,Morris,Minor,,1960,Used,Manual,Saloon,Petrol,1000.0,120000.0
19200000.0,Mercedes Benz,C180,,2017,Used,Automatic,Saloon,Petrol,1590.0,132000.0
10500000.0,Nissan,X-Trail,,2015,Used,Automatic,,Hybrid,2000.0,140000.0
5000000.0,Kia,Picanto,,2017,Used,Automatic,Hatchback,Petrol,1000.0,114083.0
20000000.0,Land Rover,Discovery,,2011,Used,Automatic,SUV / 4x4,Petrol,4999.0,200000.0
28000000.0,Toyota,RAV4,,2019,Used,Automatic,Station wagon,Hybrid,2487.0,37000.0
4200000.0,Toyota,Carina,,1997,Used,Automatic,Saloon,Diesel,1970.0,75000.0
12550000.0,Toyota,CHR,NGX50 Full Option,2018,Used,Automatic,SUV / 4x4,Petrol,1190.0,240000.0
55000000.0,Mercedes Benz,EQE 300,,2024,Used,Automatic,SUV / 4x4,Electric,180.0,21000.0
11650000.0,Mercedes Benz,C180,W204 Facelift LIMO,2011,Used,Automatic,Saloon,Petrol,1800.0,165000.0
6650000.0,Suzuki,Wagon R FZ,Premium,2017,Used,Automatic,Hatchback,Hybrid,650.0,74156.0
11800000.0,Toyota,Raize,Z Grade ,2023,Used,Automatic,SUV / 4x4,Petrol,990.0,29000.0
6400000.0,Suzuki,Hustler,J Style,2016,Used,Automatic,,Petrol,650.0,108000.0
11000000.0,Toyota,Axio,G Grade,2016,Used,Automatic,Saloon,Hybrid,1500.0,127000.0
5850000.0,Toyota,Vitz,,2008,Used,Automatic,Hatchback,Petrol,990.0,133334.0
875000.0,Toyota,Starlet,Wagon,1984,Used,Manual,Hatchback,Petrol,1290.0,87000.0
1075000.0,Nissan,AD Wagon,1987,1987,Used,Manual,Station wagon,Petrol,1300.0,210000.0
9800000.0,Toyota,Yaris Ativ,,2019,Used,Automatic,Saloon,Petrol,1200.0,103000.0
2950000.0,Hyundai,Accent,HL,2004,Used,Automatic,Saloon,Petrol,1500.0,156722.0
1350000.0,Bajaj,Qute,Bajaj Qute,2019,Used,Manual,Hatchback,Petrol,230.0,28900.0
2800000.0,Mercedes Benz,A140,Limited,1999,Used,Manual,Hatchback,Petrol,1300.0,197000.0
2200000.0,Maruti Suzuki,800,,2006,Used,Manual,Hatchback,Petrol,800.0,128000.0
3850000.0,Mazda,Familia,,2003,Used,Automatic,Saloon,Petrol,1500.0,143000.0
8000000.0,DFSK,Glory,330,2020,Used,Manual,Station wagon,Diesel,1250.0,28000.0
14950000.0,Mercedes Benz,E300,,2014,Used,Automatic,Saloon,Hybrid,2150.0,123000.0
2675000.0,Maruti Suzuki,800,800,2012,Used,Manual,Hatchback,Petrol,800.0,17162.0
3500000.0,Maruti Suzuki,Alto,Sports,2011,Used,Manual,Hatchback,Petrol,796.0,63300.0
25390000.0,Toyota,Hilux,ROCCO ,2025,Used,Automatic,SUV / 4x4,Diesel,2800.0,2700.0
6400000.0,Toyota,Vios,,2021,Used,Automatic,Saloon,Petrol,1500.0,241000.0
22800000.0,BMW,520d,F10,2014,Used,Automatic,Saloon,Petrol,2000.0,85000.0
7900000.0,Suzuki,Swift,RS,2017,Used,Automatic,Hatchback,Petrol,1000.0,92000.0
11700000.0,Mitsubishi,L200,Sportero ,2015,Used,Manual,,Diesel,2500.0,300000.0
5950000.0,Toyota,Belta,,2008,Used,Automatic,Saloon,Petrol,1000.0,159000.0
4500000.0,Toyota,Vitz,,2002,Used,Automatic,Hatchback,Petrol,1000.0,217000.0
15500000.0,Audi,A3,Sportsback ,2017,Used,Automatic,Hatchback,Petrol,1000.0,118020.0
40000000.0,Toyota,Land Cruiser Prado,Tx,2016,Used,Automatic,Station wagon,Petrol,2690.0,145000.0
1575000.0,Subaru,Other Model,Subaru Vivo,1996,Used,Manual,Hatchback,Petrol,650.0,243600.0
1450000.0,Toyota,Corona,,1986,Used,Manual,Saloon,Petrol,1450.0,220917.0
12950000.0,Toyota,Premio,G Superior,2016,Used,Automatic,Saloon,Petrol,1496.0,124000.0
18790000.0,Mercedes Benz,CLA 180,AMG SPEC,2017,Used,Tiptronic,Saloon,Petrol,1600.0,93500.0
18950000.0,Honda,CRV,Masterpiece Japan ,2019,Used,Automatic,SUV / 4x4,Petrol,1500.0,89000.0
16950000.0,Land Rover,Range Rover Evoque,HSE Line,2013,Used,Automatic,SUV / 4x4,Diesel,2200.0,112000.0
13450000.0,Toyota,Allion,G Plus 260,2016,Used,Automatic,Saloon,Petrol,1500.0,142300.0
2695000.0,Micro,Panda,,2013,Used,Manual,,Petrol,1000.0,65000.0
1850000.0,Hyundai,Santro,,2005,Used,Manual,Hatchback,Petrol,1000.0,124000.0
10500000.0,Honda,Grace,,2017,Used,Automatic,Saloon,Petrol,1490.0,150000.0
9850000.0,Toyota,Allion,2013,2013,Used,Automatic,Saloon,Petrol,1500.0,226000.0
8500000.0,Toyota,Vitz,KSP130 Vitz,2018,Used,Automatic,Hatchback,Petrol,990.0,47000.0
36500000.0,Toyota,Land Cruiser Prado,150 TZ-G  LC5,2014,Used,Tiptronic,SUV / 4x4,Diesel,3000.0,116500.0
11900000.0,Hyundai,Santa Fe,GLS model,2013,Used,Automatic,SUV / 4x4,Diesel,2200.0,175000.0
11500000.0,Honda,Vezel,RS,2016,Used,Automatic,SUV / 4x4,Hybrid,1500.0,80000.0
15490000.0,Toyota,Yaris Cross,Z Premium ,2023,Used,Automatic,SUV / 4x4,Hybrid,1500.0,31000.0
11475000.0,Honda,Vezel,RS Sensing,2018,Used,Automatic,,Hybrid,1500.0,130200.0
9550000.0,Toyota,Axio,,2014,Used,Automatic,Saloon,Hybrid,1496.0,149000.0
17900000.0,Audi,A6,Full Spec Diesel ,2013,Used,Automatic,Saloon,Diesel,2000.0,98000.0
2050000.0,Daihatsu,Charade,Daihatsu,2000,Used,Manual,Hatchback,Diesel,990.0,19000.0
3450000.0,Toyota,Starlet,,1997,Used,Manual,Hatchback,Petrol,1330.0,185000.0
3895000.0,Renault,KWID,800,2015,Used,Manual,Hatchback,Petrol,800.0,135609.0
5295000.0,Micro,Actyon,Micro,2008,Used,Automatic,SUV / 4x4,Diesel,2000.0,176000.0
3849999.0,Suzuki,Alto,800,2014,Used,Manual,Hatchback,Petrol,800.0,168126.0
1995000.0,Suzuki,Maruti,800,2004,Used,Manual,Hatchback,Petrol,800.0,45537.0
13500000.0,Nissan,X-Trail,,2016,Used,Automatic,SUV / 4x4,Petrol,2000.0,24200.0
8990000.0,Honda,Vezel,Orange Pack,2014,Used,Automatic,SUV / 4x4,Hybrid,1500.0,120000.0
32950000.0,Land Rover,Discovery,4 S 7 SEATER BEIGE,2015,Used,Tiptronic,SUV / 4x4,Diesel,3000.0,156000.0
16000000.0,Audi,Q5,,2014,Used,Automatic,SUV / 4x4,Petrol,2000.0,265000.0
3800000.0,Mitsubishi,4DR,Safari (4DR5),1979,Used,Manual,Coupé/Sports,Diesel,3700.0,325000.0
5080000.0,Suzuki,Alto,L Grade,2017,Used,Automatic,Hatchback,Petrol,650.0,106000.0
28500000.0,Land Rover,Discovery,4 SDV6 Vogue,2013,Used,Automatic,SUV / 4x4,Diesel,3000.0,250000.0
6790000.0,Suzuki,Wagon R FZ,Safety,2018,Used,Automatic,Hatchback,Hybrid,650.0,68206.0
12950000.0,Mercedes Benz,E200,Avantgarde W212,2010,Used,Automatic,Saloon,Petrol,1800.0,170000.0
5885000.0,Nissan,Dayz,,2016,Used,Automatic,Hatchback,Petrol,650.0,38854.0
6775000.0,Suzuki,Wagon R FZ,,2017,Used,Automatic,Hatchback,Petrol,650.0,126878.0
7690000.0,Toyota,Vitz,,2017,Used,Automatic,Hatchback,Petrol,990.0,96457.0
1990000.0,Suzuki,Maruti,2005,2005,Used,Manual,Hatchback,Petrol,800.0,109000.0
8750000.0,Toyota,Aqua,Xurban ,2015,Used,Automatic,Hatchback,Hybrid,1496.0,83000.0
17500000.0,Mercedes Benz,S300,W221,2009,Used,Automatic,Saloon,Petrol,3000.0,100000.0
4000000.0,Perodua,Viva Elite,,2012,Used,Manual,Hatchback,Petrol,1000.0,156990.0
3250000.0,Toyota,Tercel,,1996,Used,Manual,,Petrol,1490.0,270000.0
5475000.0,Suzuki,Alto,,2016,Used,Automatic,Hatchback,Petrol,650.0,121914.0
8650000.0,Toyota,Allion,,2007,Used,Automatic,Saloon,Petrol,1490.0,127729.0
7575000.0,Toyota,Vitz,Safety Edition 1,2017,Used,Automatic,Hatchback,Petrol,990.0,89520.0
6800000.0,Toyota,Passo,,2017,Used,Automatic,Hatchback,Petrol,1000.0,97500.0
33000000.0,Porsche,Panamera,S,2013,Used,Automatic,Coupé/Sports,Hybrid,3000.0,63000.0
650000.0,Mitsubishi,Lancer,,1979,Used,Manual,Station wagon,Petrol,1400.0,80000.0
4500000.0,Honda,Fit,2022,2022,Used,Automatic,Hatchback,Petrol,1300.0,178900.0
5275000.0,Suzuki,Alto,,2016,Used,Automatic,Hatchback,Petrol,650.0,159945.0
50500000.0,Toyota,Land Cruiser Prado,TRJ150 Tx Limited,2023,Used,Automatic,SUV / 4x4,Petrol,2700.0,17000.0
28500000.0,Mercedes Benz,C180,Exclusive Line,2017,Used,Automatic,Saloon,Petrol,1600.0,17000.0
3500000.0,Suzuki,Alto,Alto 800,2014,Used,Manual,Hatchback,Petrol,800.0,101210.0
3350000.0,Suzuki,Alto,Works,2003,Used,Manual,Hatchback,Petrol,660.0,92000.0
7500000.0,Honda,Fit,Gp 5,2014,Used,Automatic,Hatchback,Hybrid,1500.0,148000.0
2300000.0,Toyota,Tercel,,1996,Used,Manual,Saloon,Petrol,1300.0,257000.0
4550000.0,Perodua,Viva Elite,2011,2011,Used,Automatic,Hatchback,Petrol,1000.0,123800.0
7850000.0,Audi,A1,2017,2017,Used,Tiptronic,Hatchback,Petrol,1000.0,75000.0
9500000.0,Toyota,Hilux,2007,2007,Used,Manual,SUV / 4x4,Diesel,2500.0,240000.0
6850000.0,Toyota,Aqua,,2013,Used,Automatic,Hatchback,Hybrid,1496.0,74179.0
14800000.0,BMW,520i,520i,2011,Used,Automatic,Saloon,Petrol,2000.0,71000.0
9550000.0,Nissan,X-Trail,T32,2015,Used,Automatic,SUV / 4x4,Hybrid,2000.0,140000.0
24900000.0,Toyota,Fortuner,Fortuner Diesel 2013,2013,Used,Automatic,SUV / 4x4,Diesel,3000.0,70000.0
1850000.0,Suzuki,Esteem,,1999,Used,Manual,Saloon,Petrol,1300.0,130000.0
6950000.0,Honda,Civic,,2007,Used,Automatic,Saloon,Petrol,1600.0,183000.0
1975000.0,Tata,Nano,Tata Nano XM,2016,Used,Manual,Saloon,Petrol,630.0,170000.0
2050000.0,Daihatsu,Charade,G101S Sports,1988,Used,Manual,Hatchback,Diesel,990.0,97342.0
12800000.0,Toyota,CHR,2017,2017,Used,Automatic,Hatchback,Petrol,1500.0,115000.0
40000000.0,Toyota,Land Cruiser Sahara,V8 79 Series Cab,2018,Used,Manual,SUV / 4x4,Diesel,4600.0,68432.0
14300000.0,Audi,A3,S-LINE SEDAN RS,2018,Used,Automatic,Saloon,Petrol,1000.0,105000.0
1250000.0,Nissan,Sunny,1983,1983,Used,Manual,Saloon,Petrol,1400.0,243343.0
1100000.0,Toyota,Corolla,Dx Wagon,1986,Used,Manual,Saloon,Petrol,1500.0,307700.0
23900000.0,Mercedes Benz,C200,Diesel AMG Premium +,2018,Used,Automatic,Saloon,Diesel,1600.0,80000.0
14750000.0,Mitsubishi,Eclipse Cross,G Plus Exceed ,2018,Used,Automatic,SUV / 4x4,Petrol,1500.0,75000.0
5050000.0,Suzuki,Alto,,2016,Used,Automatic,Hatchback,Petrol,660.0,103000.0
9600000.0,BMW,X1,18i S Drive,2011,Used,Automatic,Station wagon,Petrol,1980.0,70000.0
2750000.0,Suzuki,Alto,LXi,2006,Used,Manual,Hatchback,Petrol,796.0,157000.0
9200000.0,Nissan,Sylphy,,2014,Used,Automatic,Saloon,Petrol,1800.0,87500.0
7900000.0,Honda,Fit,GP5 L,2014,Used,Automatic,Hatchback,Hybrid,1500.0,123000.0
3325000.0,Suzuki,Alto,,2011,Used,Manual,Hatchback,Petrol,796.0,68784.0
8750000.0,Kia,Sportage,,2010,Used,Automatic,,Petrol,1999.0,115000.0
4150000.0,Toyota,Vitz,,2000,Used,Automatic,Hatchback,Petrol,990.0,180000.0
6100000.0,Toyota,Yaris,2008,2008,Used,Automatic,Saloon,Petrol,1298.0,165000.0
4890000.0,Toyota,Sprinter,Toyota,1999,Used,Automatic,Saloon,Petrol,1500.0,159000.0
1975000.0,Toyota,Corona,1991,1991,Used,Manual,Saloon,Petrol,1500.0,150000.0
5350000.0,Hyundai,Grand i10,Grand,2018,Used,Automatic,Hatchback,Petrol,1000.0,92000.0
7600000.0,Toyota,Aqua,,2014,Used,Automatic,Hatchback,Petrol,1500.0,113000.0
1500000.0,Morris,Minor,,1980,Used,Manual,Hatchback,Petrol,1100.0,100000.0
14500000.0,BMW,225XE,Plug-in-Hybrid,2017,Used,Automatic,Hatchback,Hybrid,1500.0,74000.0
850000.0,Mitsubishi,Lancer,Lancer box,1981,Used,Manual,Saloon,Petrol,1400.0,230000.0
89500000.0,Lexus,LM 500h,REGISTERED ,2025,Used,Automatic,MPV,Petrol,2500.0,9000.0
3050000.0,Nissan,AD Wagon,Y11,2002,Used,Manual,Station wagon,Petrol,1298.0,133142.0
47500000.0,Land Rover,Range Rover Sport,Sport HSE Diesel,2018,Used,Automatic,Station wagon,Diesel,2000.0,89000.0
1680000.0,Maruti Suzuki,800,,2003,Used,Manual,Hatchback,Petrol,796.0,132000.0
7500000.0,Toyota,Vitz,Edition 1,2017,Used,Automatic,Hatchback,Petrol,1000.0,98000.0
3100000.0,Nissan,Sunny,FB14,1997,Used,Manual,Saloon,Petrol,1300.0,128000.0
2800000.0,BMW,Other Model,E 36,1995,Used,Automatic,,Diesel,2184.0,150000.0
13000000.0,Hyundai,Santa Fe,,2014,Used,Automatic,SUV / 4x4,Diesel,2200.0,200000.0
12650000.0,Audi,Q2,TFSI,2017,Used,Automatic,,Petrol,1000.0,65000.0
12000000.0,Mercedes Benz,C180,,2011,Used,Automatic,Saloon,Petrol,1500.0,76990.0
16500000.0,Mercedes Benz,A180,Hatchback,2013,Used,Tiptronic,Hatchback,Petrol,1600.0,55000.0
2175000.0,Suzuki,Maruti,,2005,Used,Manual,Hatchback,Petrol,796.0,185000.0
3650000.0,Suzuki,Alto,2015,2015,Used,Manual,Hatchback,Petrol,800.0,158000.0
5600000.0,Toyota,Wigo,G Grade,2017,Used,Automatic,Hatchback,Petrol,1000.0,129000.0
13300000.0,Toyota,Premio,G Superior,2016,Used,Automatic,Saloon,Petrol,1500.0,95867.0
2950000.0,Micro,Panda Cross,KU- ,2012,Used,Manual,Station wagon,Petrol,1300.0,93000.0
13500000.0,Toyota,Raize,,2025,Used,Automatic,SUV / 4x4,Hybrid,1200.0,10568.0
2400000.0,Tata,Nano,,2016,Used,Automatic,Hatchback,Petrol,624.0,85000.0
13500000.0,Toyota,Rush,,2019,Used,Automatic,,Petrol,1500.0,53272.0
4250000.0,Suzuki,Swift,,2004,Used,Automatic,Hatchback,Petrol,1300.0,196000.0
15000000.0,Toyota,Crown,Athelete,2004,Used,Automatic,Saloon,Petrol,3000.0,161000.0
51000000.0,BMW,725D,,2019,Used,Automatic,Saloon,Diesel,2000.0,4000.0
8500000.0,Toyota,Aqua,Urban,2015,Used,Automatic,Hatchback,Hybrid,1500.0,131000.0
3850000.0,Suzuki,Swift,,2007,Used,Manual,Hatchback,Petrol,1300.0,155000.0
600000.0,Mitsubishi,Lancer,l light,1977,Used,Manual,Saloon,Petrol,1200.0,100000.0
6750001.0,Suzuki,Wagon R FZ,Premium,2018,Used,Automatic,Hatchback,Hybrid,650.0,69597.0
35000000.0,Land Rover,Discovery,5 7Seater,2019,Used,Automatic,SUV / 4x4,Petrol,2000.0,47000.0
9190000.0,Toyota,Yaris,X Grade,2023,Used,Automatic,Hatchback,Petrol,990.0,16990.0
6990000.0,Suzuki,Wagon R FZ,Safety,2017,Used,Automatic,Hatchback,Hybrid,650.0,37826.0
14500000.0,Honda,CRV,,2018,Used,Automatic,SUV / 4x4,Petrol,1500.0,131000.0
8395000.0,Suzuki,Swift,Rs,2017,Used,Automatic,Hatchback,Hybrid,1240.0,103323.0
12850000.0,Toyota,CHR,,2019,Used,Automatic,SUV / 4x4,Petrol,1190.0,51915.0
13590000.0,Mini,Cooper,,2016,Used,Automatic,Hatchback,Petrol,1190.0,66356.0
5900000.0,Kia,Picanto,,2017,Used,Automatic,Hatchback,Petrol,1000.0,83174.0
14500000.0,Nissan,Juke,,2020,Used,Automatic,,Petrol,1000.0,65000.0
18500000.0,Toyota,Land Cruiser Prado,2007,2007,Used,Automatic,SUV / 4x4,Petrol,2690.0,130000.0
5200000.0,Honda,CRV,CRV 2004,2004,Used,Manual,,Petrol,2000.0,176400.0
8850000.0,Toyota,Yaris,X Grade,2023,Used,Automatic,Hatchback,Petrol,1000.0,61000.0
9500000.0,Honda,Vezel,Z Grade,2014,Used,Automatic,SUV / 4x4,Hybrid,1500.0,121000.0
9900000.0,DFSK,Glory,2023,2023,Used,Automatic,SUV / 4x4,Petrol,1500.0,38000.0
13700000.0,Mercedes Benz,E200,,2010,Used,Automatic,,Petrol,1797.0,107000.0
6100000.0,Suzuki,Wagon R FZ,,2017,Used,Automatic,Station wagon,Petrol,610.0,133000.0
6200000.0,Toyota,Belta,,2006,Used,Automatic,Saloon,Petrol,1300.0,152000.0
1850000.0,Mini,Cooper,,1959,Used,Manual,Hatchback,Petrol,998.0,66400.0
10500000.0,Mercedes Benz,C200,,2008,Used,Automatic,,Petrol,1800.0,163000.0
8300000.0,Toyota,Aqua,Hybrid,2013,Used,Automatic,Hatchback,Petrol,1500.0,48000.0
9150000.0,Honda,Vezel,Vezel Z Grand,2015,Used,Automatic,Hatchback,Hybrid,1500.0,140000.0
13200000.0,Toyota,Land Cruiser Prado,120,2003,Used,Manual,,Petrol,2700.0,165000.0
4500000.0,Perodua,Viva Elite,2010,2010,Used,Automatic,Hatchback,Petrol,1000.0,133290.0
24500000.0,Mitsubishi,Montero,V98,2013,Used,Automatic,SUV / 4x4,Diesel,3200.0,170000.0
5650000.0,Suzuki,Wagon R Stingray,Suzuki Wagon R,2015,Used,Automatic,Hatchback,Hybrid,660.0,148000.0
985000.0,Honda,Civic,Grand Civic,1984,Used,Manual,,Petrol,1500.0,344000.0
3485000.0,Suzuki,Alto,800,2018,Used,Manual,,Petrol,800.0,132000.0
2520000.0,Micro,MX 7,,2009,Used,Manual,Saloon,Petrol,1500.0,178000.0
22000000.0,Toyota,Harrier,Harrier GS Sport,2016,Used,Automatic,SUV / 4x4,Petrol,1980.0,68700.0
7999000.0,Toyota,Camry,Full Option,2008,Used,Automatic,Saloon,Petrol,2400.0,145000.0
3650000.0,Suzuki,Alto,Japan,2003,Used,Automatic,Hatchback,Petrol,650.0,92000.0
3300000.0,Nissan,Sunny,N15,2001,Used,Automatic,Saloon,Petrol,1490.0,100300.0
5400000.0,Suzuki,Wagon R Stingray,,2014,Used,Automatic,Hatchback,Petrol,650.0,106000.0
1270000.0,Toyota,Corona,AT140 Extra Careena,1984,Used,Manual,Saloon,Petrol,1500.0,150000.0
14000000.0,Honda,Vezel,RS Sensing,2017,Used,Automatic,SUV / 4x4,Hybrid,1500.0,24000.0
1500000.0,Mitsubishi,Lancer,,1988,Used,Manual,Station wagon,Petrol,1300.0,167480.0
6250000.0,Toyota,Belta,2007,2007,Used,Automatic,Saloon,Petrol,1300.0,99000.0
25500000.0,Toyota,Fortuner,,2017,Used,Automatic,SUV / 4x4,Diesel,2400.0,103000.0
20800000.0,BMW,X2,2018,2018,Used,Automatic,Coupé/Sports,Petrol,1500.0,31000.0
6450000.0,Toyota,Vios,,2008,Used,Automatic,Saloon,Petrol,1500.0,154605.0
4450000.0,Nissan,Sunny,N16,2000,Used,Automatic,Saloon,Petrol,1600.0,216000.0
2325000.0,Nissan,Sunny,,1992,Used,Manual,Saloon,Petrol,1400.0,150000.0
5000000.0,Perodua,Axia,,2016,Used,Automatic,Hatchback,Petrol,1000.0,172700.0
2465000.0,Toyota,Sprinter,AE91,1991,Used,Manual,Saloon,Petrol,1490.0,196650.0
7000000.0,Toyota,Aqua,S Grade,2012,Used,Automatic,Hatchback,Hybrid,1500.0,111000.0
8400000.0,MG,ZS,,2019,Used,Automatic,SUV / 4x4,Petrol,1000.0,120000.0
12500000.0,Audi,Q2,,2017,Used,Automatic,SUV / 4x4,Petrol,1000.0,64000.0
13000000.0,Audi,Q3,2L,2013,Used,Automatic,SUV / 4x4,Petrol,2000.0,121000.0
14500000.0,Kia,Sportage,,2018,Used,Automatic,SUV / 4x4,Petrol,2000.0,91000.0
9000000.0,Suzuki,Vitara,,2013,Used,Automatic,SUV / 4x4,Petrol,2000.0,132000.0
4800000.0,Suzuki,Celerio,,2015,Used,Tiptronic,Hatchback,Petrol,1000.0,122000.0
485000.0,Mitsubishi,Colt,,1979,Used,Manual,Hatchback,Petrol,1400.0,200000.0
18500000.0,Lexus,RX450h,,2013,Used,Automatic,SUV / 4x4,Hybrid,3500.0,123000.0
26500000.0,Land Rover,Defender,,2008,Used,Manual,Station wagon,Diesel,2402.0,94000.0
2650000.0,Micro,Geely,Panda 1.0,2012,Used,Manual,Hatchback,Petrol,998.0,130000.0
4150000.0,Perodua,Viva Elite,,2011,Used,Automatic,Hatchback,Petrol,1000.0,120000.0
11000000.0,Toyota,Yaris,Ativ 2020,2020,Used,Automatic,Saloon,Petrol,1200.0,42000.0
18100000.0,BMW,X1,,2018,Used,Automatic,SUV / 4x4,Petrol,1499.0,63780.0
4600000.0,Toyota,Passo,Fully Loaded,2008,Used,Automatic,Hatchback,Petrol,1000.0,120000.0
6800000.0,Toyota,Aqua,S Limited,2012,Used,Automatic,Hatchback,Hybrid,1500.0,218700.0
2900000.0,Suzuki,Alto,Spots Edition 2011,2011,Used,Manual,Hatchback,Petrol,800.0,144032.0
7950000.0,Honda,Fit,GP5 Hybrid S Grade,2015,Used,Automatic,,Hybrid,1500.0,108200.0
8050000.0,Toyota,Vitz,,2017,Used,Automatic,Hatchback,Petrol,1000.0,78067.0
6900000.0,Toyota,Hilux,,1996,Used,Automatic,SUV / 4x4,Diesel,3000.0,250000.0
12450000.0,Honda,Vezel,RS Sensing Plus,2019,Used,Automatic,,Hybrid,1500.0,95400.0
12000000.0,Land Rover,Defender,,1966,Used,Manual,SUV / 4x4,Diesel,2500.0,160000.0
12900000.0,Toyota,CHR,GT Turbo,2018,Used,Automatic,Coupé/Sports,Petrol,1200.0,112000.0
9750000.0,Honda,Grace,2017,2017,Used,Automatic,Saloon,Hybrid,1500.0,180000.0
7800000.0,Honda,Fit,2014,2014,Used,Automatic,Hatchback,Hybrid,1500.0,97000.0
16950000.0,Toyota,Hilux,3L Thailand Auto,2017,Used,Automatic,SUV / 4x4,Diesel,3000.0,164000.0
5475000.0,Suzuki,Wagon R Stingray,Suzuki,2014,Used,Automatic,,Petrol,600.0,98000.0
23500000.0,Ford,Raptor Ranger,Ford,2017,Used,Automatic,SUV / 4x4,Diesel,3200.0,130000.0
7000000.0,Toyota,Corolla,141 LX,2008,Used,Automatic,Saloon,Petrol,1600.0,222583.0
12500000.0,Mitsubishi,Outlander,PHEV,2014,Used,Automatic,SUV / 4x4,Hybrid,1990.0,96000.0
3100000.0,Suzuki,Alto,Suzuki,2004,Used,Automatic,Hatchback,Petrol,660.0,234000.0
10500000.0,Honda,Civic,EX,2017,Used,Automatic,,Petrol,1000.0,165000.0
5300000.0,Nissan,Leaf,,2014,Used,Automatic,Hatchback,Electric,80.0,46000.0
6800000.0,Mercedes Benz,C200,Avantgarde,2002,Used,Manual,Saloon,Petrol,2000.0,135000.0
9000000.0,Kia,Sportage,Orange Package,2012,Used,Automatic,SUV / 4x4,Diesel,2000.0,220000.0
6300000.0,Toyota,Allion,240,2002,Used,Automatic,Saloon,Petrol,1800.0,157000.0
5565000.0,Suzuki,Hustler,G,2015,Used,Automatic,Hatchback,Hybrid,660.0,155000.0
3975000.0,Toyota,Corona,1996,1996,Used,Manual,Saloon,Petrol,1499.0,239500.0
22500000.0,Mercedes Benz,C200,Sport Premium Plus,2019,Used,Tiptronic,Saloon,Petrol,1500.0,88000.0
8375000.0,Toyota,Prius,S GRADE CRUISE ,2010,Used,Automatic,Saloon,Hybrid,1800.0,174500.0
24500000.0,Toyota,Harrier,,2017,Used,Automatic,SUV / 4x4,Petrol,1980.0,78000.0
12900000.0,Toyota,CHR,NGX 10,2018,Used,Tiptronic,SUV / 4x4,Petrol,1200.0,135000.0
10500000.0,Honda,Grace,Ex,2016,Used,Automatic,Saloon,Petrol,1500.0,87000.0
1800000.0,Tata,GenX Nano,2011,2011,Used,Manual,Hatchback,Petrol,650.0,370000.0
1980000.0,Tata,Indica,Tata,2006,Used,Manual,Hatchback,Petrol,1200.0,105000.0
2450000.0,Honda,City,Honda,1999,Used,Manual,Saloon,Petrol,1500.0,200000.0
2895000.0,Nissan,AD Wagon,,1999,Used,Manual,Station wagon,Petrol,1300.0,250000.0
23000000.0,Mercedes Benz,C200,AMG Line Premium,2019,Used,Automatic,Saloon,Petrol,1500.0,175000.0
49500000.0,BYD,Seal,2025 Premium Edition,2025,Used,Automatic,Saloon,Electric,4620.0,1500.0
775000.0,Toyota,Starlet,Starlet,1982,Used,Manual,Hatchback,Petrol,1300.0,17000.0
7800000.0,Mazda,2 Skyactive,,2016,Used,Automatic,Hatchback,Petrol,1500.0,48000.0
9100000.0,Toyota,Aqua,,2014,Used,Automatic,Hatchback,Hybrid,1500.0,124000.0
11500000.0,Land Rover,Freelander,2,2013,Used,Automatic,SUV / 4x4,Diesel,2200.0,247000.0
4250000.0,Volvo,S80,,2000,Used,Manual,Saloon,Petrol,1984.0,292000.0
3800000.0,Fiat,Punto,Grande Punto,2007,Used,Tiptronic,Hatchback,Petrol,1400.0,110000.0
6390000.0,Toyota,Prius,,2008,Used,Automatic,Saloon,Petrol,1400.0,232000.0
3100000.0,Nissan,March,K11,2000,Used,Automatic,Hatchback,Petrol,990.0,175000.0
4990000.0,Hyundai,Tucson,,2005,Used,Automatic,SUV / 4x4,Petrol,2656.0,156000.0
8150000.0,Honda,Fit,GP5,2015,Used,Automatic,Hatchback,Hybrid,1490.0,143913.0
19950000.0,BMW,318i,M Sport,2018,Used,Automatic,Saloon,Petrol,1500.0,110000.0
10295000.0,Toyota,Axio,,2015,Used,Automatic,Saloon,Hybrid,1490.0,117954.0
8500000.0,Toyota,Vitz,Jewella,2018,Used,Automatic,Hatchback,Petrol,990.0,105322.0
4000000.0,Suzuki,Alto,,2015,Used,Manual,Hatchback,Petrol,800.0,68500.0
5600000.0,Perodua,Axia,,2016,Used,Automatic,Hatchback,Petrol,998.0,71915.0
5750000.0,Suzuki,Hustler,,2015,Used,Automatic,,Petrol,650.0,140000.0
3500000.0,Tata,Indigo,Indigo Ecs,2016,Used,Manual,Saloon,Petrol,1200.0,75000.0
39500000.0,Toyota,Land Cruiser Prado,TX,2015,Used,Automatic,SUV / 4x4,Petrol,2800.0,81000.0
8500000.0,Peugeot,3008,2012,2011,Used,Automatic,SUV / 4x4,Petrol,1598.0,219000.0
10500000.0,Honda,Vezel,,2015,Used,Automatic,,Petrol,1490.0,105000.0
6575000.0,Toyota,Vitz,Full Option ,2015,Used,Automatic,Hatchback,Petrol,1000.0,118000.0
15950000.0,Honda,Civic,Sedan Techpack,2020,Used,Automatic,Saloon,Petrol,1000.0,60000.0
35000000.0,Toyota,Crown,MAJESTA 3.5L ,2014,Used,Automatic,Saloon,Hybrid,3500.0,85000.0
2400000.0,Toyota,Wish,1985,1985,Used,Manual,MPV,Petrol,1100.0,150000.0
25000000.0,Mercedes Benz,CLA 200,,2019,Used,Automatic,,Petrol,1000.0,84000.0
22000000.0,BMW,318i,,2017,Used,Automatic,Saloon,Petrol,1991.0,53000.0
5975000.0,Suzuki,Spacia,Suzuki,2016,Used,Automatic,Hatchback,Petrol,650.0,112000.0
9125000.0,Honda,Vezel,,2014,Used,Automatic,Station wagon,Hybrid,1500.0,124000.0
4550000.0,Nissan,Sunny,,2005,Used,Automatic,,Petrol,1500.0,140000.0
10190000.0,Nissan,X-Trail,Premier Hybrid,2016,Used,Automatic,SUV / 4x4,Hybrid,1990.0,160000.0
4050000.0,Nissan,Sunny,FB-15,1999,Used,Automatic,Saloon,Petrol,1500.0,150000.0
22000000.0,Honda,CRV,Black Edition,2022,Used,Automatic,SUV / 4x4,Hybrid,1990.0,35000.0
10500000.0,Toyota,Premio,2013,2013,Used,Automatic,Saloon,Petrol,1490.0,110750.0
750000.0,Nissan,Sunny,,1987,Used,Manual,,Petrol,1500.0,150000.0
11800000.0,Mercedes Benz,C180,,2012,Used,Automatic,Saloon,Petrol,1800.0,109000.0
6000000.0,Nissan,Navara,Nissan,2007,Used,Automatic,SUV / 4x4,Diesel,2488.0,76000.0
13500000.0,Audi,Q3,,2013,Used,Automatic,Hatchback,Petrol,2000.0,47700.0
6275000.0,Suzuki,Wagon R FX,Safety ,2017,Used,Automatic,Hatchback,Petrol,650.0,85000.0
4450000.0,Honda,Accord,,2001,Used,Automatic,Saloon,Petrol,1800.0,192600.0
21800000.0,Mercedes Benz,C350,E,2016,Used,Automatic,Saloon,Hybrid,2000.0,135000.0
5850000.0,Nissan,Dayz,,2016,Used,Automatic,Hatchback,Petrol,2000.0,107600.0
7190000.0,Honda,Fit,GP5,2013,Used,Automatic,Hatchback,Petrol,1499.0,92000.0
9100000.0,Honda,Vezel,Z Grad,2014,Used,Automatic,SUV / 4x4,Hybrid,1490.0,132000.0
3675000.0,Suzuki,Alto,800 LXI,2015,Used,Manual,Hatchback,Petrol,800.0,96000.0
12850000.0,Mitsubishi,Montero,GLS,2002,Used,Automatic,SUV / 4x4,Petrol,3500.0,120000.0
36800000.0,Land Rover,Discovery,HSE Luxury ,2019,Used,Automatic,SUV / 4x4,Diesel,2000.0,65000.0
33000000.0,Ford,Raptor Ranger,,2025,Used,Automatic,SUV / 4x4,Petrol,3000.0,18000.0
38500000.0,Mercedes Benz,C200,c200 Premium Plus ,2023,Used,Tiptronic,Saloon,Petrol,1500.0,5000.0
3775000.0,Suzuki,Alto,800,2015,Used,Manual,Hatchback,Petrol,800.0,50000.0
4000000.0,Toyota,IST,,2004,Used,Automatic,Hatchback,Petrol,1500.0,214999.0
41000000.0,Toyota,Land Cruiser Prado,,2017,Used,Automatic,Station wagon,Petrol,2690.0,147013.0
21000000.0,Mercedes Benz,C180,,2016,Used,Automatic,Saloon,Petrol,1590.0,117175.0
1400000.0,Toyota,Corolla,,1986,Used,Manual,Station wagon,Petrol,1290.0,28634.0
8525000.0,Toyota,Aqua,S Grade,2015,Used,Automatic,Hatchback,Hybrid,1500.0,78000.0
12500000.0,Honda,Civic,Civic Ex,2018,Used,Automatic,Hatchback,Petrol,1000.0,73000.0
4700000.0,Toyota,Passo,,2007,Used,Automatic,Hatchback,Petrol,996.0,187000.0
17000000.0,Ford,Ranger,Ranger Wild Track,2018,Used,Tiptronic,SUV / 4x4,Diesel,3200.0,176000.0
7650000.0,Honda,Civic,FD1 JDM G Grade,2007,Used,Automatic,Saloon,Petrol,1800.0,160200.0
1050000.0,Toyota,Starlet,Toyota,1984,Used,Manual,Hatchback,Petrol,1200.0,185000.0
8190000.0,Daihatsu,Terios,,2012,Used,Automatic,SUV / 4x4,Petrol,1500.0,120000.0
6675000.0,Toyota,Corolla,141,2008,Used,Automatic,Saloon,Petrol,1590.0,142000.0
16850000.0,Toyota,Hilux,Hilux 2016,2016,Used,Tiptronic,SUV / 4x4,Diesel,3000.0,183000.0
7250000.0,Toyota,Axio,,2007,Used,Automatic,Saloon,Petrol,1500.0,220000.0
11850000.0,Toyota,Hilux,1KD Double Cab,2008,Used,Automatic,SUV / 4x4,Diesel,3000.0,156000.0
10500000.0,Nissan,X-Trail,2016,2016,Used,Automatic,SUV / 4x4,Petrol,1999.0,190.0
3175000.0,Suzuki,Alto,Alto Sport,2011,Used,Manual,,Petrol,800.0,104000.0
22500000.0,Jeep,Grand Cherokee,Overland,2012,Used,Automatic,SUV / 4x4,Petrol,3000.0,128000.0
2080000.0,Maruti Suzuki,800,,2004,Used,Manual,Hatchback,Petrol,800.0,80999.0
1275000.0,Bajaj,Qute,,2019,Used,Manual,Hatchback,Petrol,216.0,38000.0
15400000.0,Mitsubishi,Outlander,PHEV,2015,Used,Automatic,SUV / 4x4,Petrol,2000.0,152676.0
8150000.0,Toyota,Tank,G.T Turbo ,2019,Used,Automatic,MPV,Petrol,1000.0,78300.0
35000000.0,Audi,Q7,,2018,Used,Automatic,SUV / 4x4,Petrol,2000.0,82000.0
5400000.0,Suzuki,Wagon R,,2014,Used,Automatic,,Petrol,650.0,195000.0
6400000.0,Toyota,Axio,141,2008,Used,Automatic,Saloon,Petrol,1500.0,184000.0
1850000.0,Mitsubishi,4DR,4DR Flat Lite,1977,Used,Manual,Saloon,Petrol,1400.0,110000.0
4400000.0,DFSK,Glory,DFSK,2016,Used,Manual,Station wagon,Diesel,1300.0,169000.0
4595000.0,Toyota,Corolla,AE110,1997,Used,Automatic,,Petrol,1500.0,173043.0
12800000.0,Toyota,Corolla,,2014,Used,Automatic,SUV / 4x4,Petrol,1600.0,30000.0
2850000.0,Mitsubishi,4DR,,1973,Used,Automatic,SUV / 4x4,Petrol,2000.0,12452.0
3800000.0,Renault,KWID,RXT,2018,Used,Manual,Hatchback,Petrol,800.0,89000.0
29900000.0,Jeep,Wrangler,Sport,2016,Used,Automatic,SUV / 4x4,Diesel,2800.0,63800.0
3200000.0,Renault,KWID,,2018,Used,Manual,Hatchback,Petrol,800.0,119103.0
6900000.0,Toyota,Vitz,Safety Edition,2016,Used,Automatic,,Petrol,1000.0,151054.0
29500000.0,Audi,Q7,Quattro,2016,Used,Automatic,SUV / 4x4,Petrol,2000.0,101000.0
3549000.0,Suzuki,Zen,,2010,Used,Manual,Hatchback,Petrol,1000.0,92202.0
5800000.0,Mahindra,KUV 100,,2021,Used,Manual,SUV / 4x4,Petrol,1198.0,28528.0
8500000.0,Toyota,Aqua,Toyota Aqua,2015,Used,Automatic,Hatchback,Hybrid,1500.0,128000.0
3400000.0,Suzuki,Alto,K10,2011,Used,Manual,Hatchback,Petrol,800.0,228700.0
9500000.0,BMW,i3,-Range Extender ,2017,Used,Automatic,Hatchback,Electric,647.0,48550.0
3625000.0,Suzuki,Alto,800 LXI,2015,Used,Manual,Hatchback,Petrol,800.0,82000.0
500000.0,Mitsubishi,Lancer,,1986,Used,Manual,Saloon,Petrol,1500.0,100000.0
5790000.0,Daihatsu,Move,,2016,Used,Automatic,Hatchback,Petrol,658.0,78000.0
1400000.0,Daewoo,Lanos,Daewoo Lanos,1988,Used,Other transmission,Saloon,Petrol,1000.0,310800.0
5850000.0,Suzuki,Hustler,,2017,Used,Automatic,Hatchback,Hybrid,660.0,134000.0
5850000.0,Suzuki,Spacia,Semi-Hybrid,2016,Used,Automatic,Hatchback,Petrol,650.0,120000.0
25900000.0,Mercedes Benz,C200,Premium Plus,2019,Used,Automatic,Saloon,Petrol,1497.0,44000.0
11200000.0,Toyota,Axio,Axio G Grade,2016,Used,Automatic,Saloon,Hybrid,1500.0,127000.0
49975000.0,BMW,iX3, M SPORT -G08,2023,Used,Automatic,SUV / 4x4,Electric,210.0,18500.0
34950000.0,Toyota,Land Cruiser Prado,Prado 150,2015,Used,Automatic,SUV / 4x4,Petrol,2700.0,169852.0
12175000.0,Mitsubishi,Outlander,PHV ,2015,Used,Automatic,SUV / 4x4,Hybrid,2000.0,112000.0
7400000.0,Toyota,Aqua,,2014,Used,Automatic,Hatchback,Hybrid,1496.0,153500.0
8990000.0,Nissan,Dayz,G Turbo,2024,Used,Automatic,MPV,Petrol,660.0,4700.0
5695000.0,Perodua,Axia,G Grade,2016,Used,Automatic,Hatchback,Petrol,998.0,105350.0
8675000.0,Toyota,Premio,F Grade,2007,Used,Automatic,Saloon,Petrol,1490.0,146038.0
9450000.0,Honda,Grace,,2015,Used,Automatic,Saloon,Hybrid,1500.0,143700.0
7680000.0,Toyota,Axio,Luxel (G limited),2008,Used,Automatic,Saloon,Petrol,1790.0,153000.0
2800000.0,Kia,Rio,,2001,Used,Manual,Saloon,Petrol,1300.0,150000.0
7570000.0,Toyota,Vitz,,2017,Used,Automatic,,Petrol,990.0,53200.0
11500000.0,BMW,520i,,2005,Used,Automatic,Saloon,Petrol,2000.0,50000.0
7000000.0,Toyota,Aqua,G Grade,2013,Used,Automatic,Hatchback,Hybrid,1500.0,100800.0
15000000.0,Peugeot,3008,GT,2019,Used,Automatic,SUV / 4x4,Petrol,1200.0,67000.0
6850000.0,Honda,Fit,GP1,2013,Used,Automatic,Hatchback,Hybrid,1300.0,65000.0
875000.0,Isuzu,Gemini,1989,1989,Used,Manual,Saloon,Diesel,1500.0,136500.0
3325000.0,Perodua,Kelisa,,2004,Used,Automatic,Hatchback,Petrol,1000.0,134000.0
4250000.0,Nissan,Bluebird,FG10,2001,Used,Automatic,Saloon,Petrol,1500.0,141300.0
24700000.0,Toyota,Hilux,ROCCO,2025,Used,Automatic,SUV / 4x4,Diesel,2800.0,2500.0
26500000.0,Audi,A5,S Line SportBack,2018,Used,Automatic,Coupé/Sports,Petrol,1400.0,45000.0
5980000.0,Suzuki,Wagon R,,2017,Used,Automatic,,Petrol,650.0,100000.0
3700000.0,Suzuki,Alto,,2015,Used,Manual,Hatchback,Petrol,800.0,135000.0
11500000.0,Audi,Q2,TFSi S Tronic 1.0,2017,Used,Automatic,SUV / 4x4,Petrol,1000.0,90000.0
1950000.0,Nissan,Sunny,FB13,1992,Used,Manual,Saloon,Diesel,1300.0,235000.0
18500000.0,BMW,X5,,2011,Used,Automatic,Saloon,Petrol,3000.0,10000.0
4200000.0,Suzuki,A-Star,,2011,Used,Automatic,Hatchback,Petrol,1000.0,100000.0
17000000.0,BMW,318i,Sport,2019,Used,Automatic,Saloon,Petrol,1500.0,130000.0
2600000.0,Hyundai,Sonata,Hyundai Sonata 2003,2003,Used,Manual,Hatchback,Petrol,1100.0,147000.0
27500000.0,BMW,335i,,2014,Used,Automatic,Coupé/Sports,Petrol,3000.0,80000.0
5250000.0,Suzuki,Escudo,Suzuki,2002,Used,Automatic,SUV / 4x4,Petrol,2000.0,220000.0
13000000.0,Micro,Almaz,,2022,Used,Automatic,SUV / 4x4,Petrol,1490.0,20000.0
14600000.0,Peugeot,3008,Peugeot 3008 Active,2018,Used,Automatic,SUV / 4x4,Petrol,1200.0,35000.0
1060000.0,Suzuki,Zen,zen,2003,Used,Manual,Hatchback,Petrol,993.0,247910.0
35000000.0,Volvo,XC90,T8,2018,Used,Automatic,SUV / 4x4,Hybrid,2000.0,65448.0
29000000.0,BMW,520d,520 D 2016,2016,Used,Tiptronic,Saloon,Diesel,2000.0,98000.0
12000000.0,Mitsubishi,Montero,Sport,2012,Used,Automatic,SUV / 4x4,Diesel,2500.0,426616.0
6800000.0,Toyota,Aqua,,2012,Used,Automatic,Hatchback,Hybrid,1490.0,198512.0
6200000.0,Suzuki,Swift,,2011,Used,Automatic,,Petrol,1400.0,93000.0
2550000.0,Micro,Panda,,2012,Used,Manual,Hatchback,Petrol,1300.0,120500.0
2600000.0,Mazda,Familia,,1992,Used,Manual,Saloon,Petrol,1500.0,97000.0
29000000.0,Mitsubishi,Montero,3.2 GLX,2015,Used,Tiptronic,Station wagon,Diesel,3200.0,89342.0
18500000.0,Audi,A3,TFSI S line,2018,Used,Automatic,Saloon,Petrol,1000.0,37000.0
2600000.0,Mazda,Familia,,1992,Used,Manual,Saloon,Petrol,1500.0,97000.0
6200000.0,Daihatsu,Terios,,2008,Used,Automatic,SUV / 4x4,Petrol,1500.0,180000.0
1800000.0,Nissan,Sunny,Nissan,1987,Used,Manual,Saloon,Petrol,1500.0,200000.0
4425000.0,Perodua,Viva Elite,,2011,Used,Automatic,Hatchback,Petrol,1000.0,92000.0
5690000.0,Nissan,Dayz,,2015,Used,Automatic,Hatchback,Petrol,650.0,105415.0
5390000.0,Toyota,Pixis,,2015,Used,Automatic,Hatchback,Petrol,650.0,82014.0
23750000.0,Mercedes Benz,C200, Premium plus,2019,Used,Automatic,Saloon,Petrol,1500.0,60000.0
6500000.0,Honda,Fit,GE6,2010,Used,Automatic,,Petrol,1330.0,43000.0
2160000.0,Nissan,Sunny,super saloon,1993,Used,Manual,Saloon,Petrol,1500.0,100000.0
13990000.0,Mitsubishi,Eclipse Cross,,2018,Used,Automatic,SUV / 4x4,Petrol,1499.0,120056.0
8200000.0,Suzuki,Swift,RS Turbo,2017,Used,Automatic,Hatchback,Petrol,1000.0,92000.0
2000000.0,Nissan,Bluebird,,1996,Used,Manual,Saloon,Diesel,2000.0,400000.0
1125000.0,Toyota,Corolla,Toyota,1985,Used,Manual,Saloon,Petrol,1500.0,50000.0
7500000.0,Toyota,Aqua,G Grade,2013,Used,Automatic,Hatchback,Petrol,1500.0,170000.0
25000000.0,Mercedes Benz,C200,C200,2019,Used,Automatic,Saloon,Petrol,1497.0,21000.0
49000000.0,Toyota,Land Cruiser Prado,TZ-G,2018,Used,Automatic,SUV / 4x4,Diesel,2800.0,92500.0
18500000.0,Land Rover,Discovery,4,2011,Used,Automatic,SUV / 4x4,Diesel,3000.0,160000.0
3850000.0,Suzuki,A-Star,,2011,Used,Automatic,Hatchback,Petrol,1000.0,90000.0
10250000.0,Toyota,Premio,,2010,Used,Automatic,Saloon,Petrol,1500.0,150000.0
87500000.0,Toyota,Land Cruiser Sahara,V8 Diesel Turbo,2017,Used,Tiptronic,SUV / 4x4,Diesel,4461.0,62690.0
28300000.0,Toyota,Land Cruiser Prado,,2012,Used,Automatic,SUV / 4x4,Petrol,2800.0,175000.0
2800000.0,Suzuki,Alto,Alto Japan,1999,Used,Manual,Hatchback,Petrol,1000.0,215000.0
11000000.0,Honda,Civic,,2017,Used,Automatic,,Petrol,1000.0,109000.0
20800000.0,BMW,X2,X2 S-Line,2018,Used,Tiptronic,SUV / 4x4,Petrol,1998.0,40600.0
9000000.0,Honda,Grace,DAA-OM4 GRACE,2015,Used,Automatic,Saloon,Petrol,1490.0,85000.0
3200000.0,Micro,Panda,,2015,Used,Manual,Hatchback,Petrol,1000.0,71304.0
3500000.0,Isuzu,Other Model,Rino Double Cab,2008,Used,Manual,SUV / 4x4,Diesel,2700.0,176000.0
4100000.0,Suzuki,Alto,,2018,Used,Manual,Hatchback,Petrol,796.0,128450.0
12250000.0,Audi,Q2,Anniversary ,2018,Used,Automatic,SUV / 4x4,Petrol,1000.0,80000.0
9000000.0,Toyota,Land Cruiser Sahara,VX,1982,Used,Automatic,Station wagon,Diesel,4200.0,285000.0
29500000.0,Land Rover,Defender,Puma 110,2011,Used,Manual,SUV / 4x4,Diesel,2400.0,141000.0
16950000.0,Jeep,Compass,Limited Edition,2019,Used,Tiptronic,SUV / 4x4,Petrol,1400.0,25000.0
36500000.0,Toyota,Land Cruiser Prado,150 Tx,2015,Used,Manual,SUV / 4x4,Diesel,3000.0,85000.0
7300000.0,Toyota,Axio,,2007,Used,Automatic,,Petrol,1500.0,149000.0
24000000.0,Jaguar,E-Pace,P250 AWD,2018,Used,Automatic,SUV / 4x4,Petrol,2000.0,9700.0
19800000.0,BMW,228i,Gran Tourer,2018,Used,Automatic,MPV,Petrol,1500.0,45000.0
29800000.0,Land Rover,Range Rover Sport,Supercharged,2011,Used,Automatic,SUV / 4x4,Petrol,5000.0,65000.0
13900000.0,Audi,Q3,30 TFSI,2016,Used,Automatic,SUV / 4x4,Petrol,1395.0,69000.0
13500000.0,Toyota,Axio,,2019,Used,Automatic,Saloon,Hybrid,1500.0,125000.0
6390000.0,Nissan,Dualis,,2008,Used,Automatic,SUV / 4x4,Petrol,1990.0,75500.0
3700000.0,Toyota,Cami,Jeep,1999,Used,Manual,SUV / 4x4,Petrol,1300.0,125000.0
12500000.0,Nissan,Qashqai,Tekna 2018,2018,Used,Automatic,,Petrol,1200.0,38000.0
4550000.0,Perodua,Viva Elite,Viva Elite,2011,Used,Automatic,Hatchback,Petrol,1000.0,82787.0
5500000.0,DFSK,Glory,Glory 330,2017,Used,Manual,Station wagon,Diesel,1300.0,64000.0
10950000.0,Toyota,Prius,L Grade,2013,Used,Automatic,Saloon,Hybrid,1800.0,208000.0
11300000.0,Toyota,Raize,G Grade,2025,Used,Automatic,Hatchback,Petrol,1000.0,8500.0
12700000.0,Toyota,CHR,,2017,Used,Automatic,SUV / 4x4,Petrol,1500.0,117000.0
3400000.0,Ford,Mondeo,MK3,2002,Used,Automatic,Saloon,Petrol,1998.0,158000.0
6700000.0,Suzuki,Wagon R FX,,2018,Used,Automatic,Hatchback,Petrol,660.0,94000.0
585000.0,Subaru,Other Model,Rex,1981,Used,Manual,Hatchback,Petrol,550.0,369600.0
4300000.0,Nissan,Sunny,N16,2006,Used,Automatic,Saloon,Petrol,1600.0,260000.0
22950000.0,BMW,520d,535i M Sport,2014,Used,Automatic,Saloon,Hybrid,3000.0,130000.0
1960000.0,Suzuki,Maruti,Maruti,1998,Used,Manual,Hatchback,Petrol,800.0,100000.0
5850000.0,Honda,Fit,Honda,2008,Used,Automatic,Hatchback,Petrol,1330.0,159000.0
2440000.0,Suzuki,Maruti,,2010,Used,Manual,Hatchback,Petrol,600.0,80000.0
6500000.0,Toyota,Wigo,,2017,Used,Automatic,Hatchback,Petrol,1000.0,66000.0
9500000.0,Honda,Grace,,2015,Used,Automatic,Saloon,Hybrid,1500.0,143000.0
10500000.0,Toyota,Axio,Axio G Grade 2016,2016,Used,Automatic,Saloon,Petrol,1500.0,91000.0
14000000.0,Peugeot,3008,GT Line,2019,Used,Tiptronic,SUV / 4x4,Petrol,1500.0,79000.0
65000000.0,Toyota,Land Cruiser Sahara,VX V8,2016,Used,Tiptronic,SUV / 4x4,Diesel,4400.0,218000.0
2000000.0,Maruti Suzuki,800,800,2006,Used,Manual,Hatchback,Petrol,800.0,56230.0
2875000.0,Toyota,Corolla,Toyota 106 2c,1992,Used,Manual,Station wagon,Diesel,2000.0,253000.0
2975000.0,Hyundai,Getz,,2004,Used,Automatic,Hatchback,Petrol,1300.0,169000.0
56500000.0,Toyota,Land Cruiser Sahara,202 ZX,2015,Used,Tiptronic,SUV / 4x4,Petrol,4600.0,132000.0
2899999.0,Suzuki,Alto,800,2011,Used,Manual,Hatchback,Petrol,800.0,200000.0
4640000.0,Perodua,Viva Elite,AMIEZR,2011,Used,Automatic,Hatchback,Petrol,1000.0,104000.0
750000.0,Nissan,Sunny,,1979,Used,Manual,,Petrol,1400.0,328540.0
12900000.0,Mini,Cooper,Fully Loaded,2016,Used,Tiptronic,Hatchback,Petrol,1500.0,47000.0
5475000.0,Toyota,Vitz,SCP90 1300 Pushstart,2007,Used,Automatic,Hatchback,Petrol,1300.0,170000.0
37500000.0,Land Rover,Discovery,5 HSE ,2019,Used,Automatic,SUV / 4x4,Diesel,2000.0,52000.0
630000.0,Nissan,Dutsun,B310 Dutsan,1986,Used,Manual,Saloon,Petrol,1200.0,327600.0
11890000.0,Micro,Rexton,,2015,Used,Automatic,SUV / 4x4,Diesel,1998.0,140000.0
7700000.0,Toyota,Vitz,2015,2015,Used,Automatic,Hatchback,Petrol,990.0,106316.0
5650000.0,Mazda,Flair,,2015,Used,Automatic,,Hybrid,660.0,180000.0
5800000.0,Suzuki,Swift,2008,2008,Used,Automatic,Hatchback,Petrol,1300.0,144000.0
7990000.0,Nissan,Magnite,Acenta ,2025,Used,Tiptronic,Hatchback,Petrol,1000.0,900.0
54500000.0,Toyota,Vellfire,Z Premier Modelista,2024,Used,Automatic,Station wagon,Hybrid,2500.0,1600.0
8200000.0,Honda,Vezel,,2014,Used,Automatic,SUV / 4x4,Hybrid,1500.0,140000.0
5725000.0,Suzuki,Celerio,ZXI,2017,Used,Automatic,Hatchback,Petrol,900.0,78000.0
5750000.0,Kia,Sportage,,2007,Used,Automatic,Hatchback,Diesel,1979.0,160999.0
3975000.0,Suzuki,Liana,2006,2006,Used,Automatic,Saloon,Petrol,1500.0,182500.0
25500000.0,Toyota,Corolla,Cross Z Highest ,2024,Used,Automatic,Station wagon,Hybrid,1800.0,4000.0
5650000.0,Suzuki,Celerio,X,2018,Used,Automatic,Hatchback,Petrol,1000.0,48000.0
11300000.0,Toyota,Premio,,2013,Used,Automatic,Saloon,Petrol,1500.0,154000.0
4950000.0,Toyota,Vitz,,2005,Used,Automatic,Hatchback,Petrol,1000.0,145000.0
7995000.0,Honda,Fit,GP5 L Grade ,2015,Used,Automatic,Hatchback,Hybrid,1500.0,95000.0
13250000.0,Honda,Civic,"Techpack 18,000km",2019,Used,Automatic,Saloon,Petrol,1000.0,18000.0
18500000.0,Mercedes Benz,CLA 200,,2013,Used,Automatic,Saloon,Petrol,1600.0,92000.0
3490000.0,Suzuki,Maruti,WagonR,2007,Used,Manual,Hatchback,Petrol,1100.0,136000.0
16750000.0,Mazda,3,Sedan,2019,Used,Automatic,Saloon,Petrol,1500.0,59000.0
6650000.0,Toyota,Prius,2009,2009,Used,Automatic,Saloon,Petrol,1500.0,200000.0
14295000.0,Toyota,CHR,NGX10 ,2020,Used,Automatic,SUV / 4x4,Petrol,1200.0,51000.0
27500000.0,Audi,Q7,Quattro 40 TFSI,2017,Used,Automatic,SUV / 4x4,Petrol,2000.0,133000.0
2975000.0,Peugeot,Other Model,203,1953,Used,Manual,Hatchback,Petrol,1300.0,196000.0
56500000.0,Toyota,Land Cruiser Prado,TRJ250 VX,2024,Used,Automatic,SUV / 4x4,Petrol,2690.0,6000.0
23500000.0,Nissan,Serena,C28 - E Power,2025,Used,Automatic,MPV,Other fuel type,1400.0,1500.0
7500000.0,Mitsubishi,Lancer,CS1,2007,Used,Manual,Saloon,Petrol,1300.0,140000.0
14500000.0,Toyota,Land Cruiser Prado,Land Cruiser LJ 79,1991,Used,Manual,SUV / 4x4,Diesel,3000.0,280000.0
16900000.0,BMW,523i,BMW 523i F10 M5,2011,Used,Automatic,Saloon,Petrol,3000.0,80000.0
6400000.0,Toyota,Belta,,2008,Used,Automatic,Saloon,Petrol,1300.0,217000.0
2999000.0,Toyota,Soluna,Japan,2000,Used,Automatic,Saloon,Petrol,1490.0,169000.0
5495000.0,Suzuki,Swift,Beetle ,2011,Used,Automatic,Hatchback,Petrol,1240.0,15600.0
7600000.0,Toyota,Vitz,,2015,Used,Automatic,Hatchback,Petrol,1000.0,54844.0
2875000.0,Suzuki,Alto,kJ,2010,Used,Manual,Hatchback,Petrol,800.0,125000.0
7075000.0,Toyota,Axio,Axio G Grade,2006,Used,Automatic,Saloon,Petrol,1500.0,250000.0
8500000.0,Mitsubishi,Pajero,,1987,Used,Manual,,Diesel,2500.0,317690.0
12000000.0,Honda,Other Model,BRV,2017,Used,Automatic,,Petrol,1497.0,84000.0
2100000.0,Nissan,Sunny,,1989,Used,Manual,,Petrol,1270.0,110000.0
24000000.0,Mercedes Benz,C200,AMG Premium Plus,2019,Used,Automatic,Saloon,Petrol,1500.0,68000.0
5900000.0,Nissan,Tiida,2007,2007,Used,Automatic,Saloon,Petrol,1500.0,158000.0
9000000.0,Kia,Sportage,,2012,Used,Automatic,SUV / 4x4,Diesel,1998.0,108000.0
20000000.0,Toyota,Other Model,Noah,2014,Used,Automatic,MPV,Hybrid,1800.0,27694.0
14900000.0,Toyota,Premio,G SUPERIOR ,2017,Used,Automatic,Saloon,Petrol,1500.0,106000.0
7350000.0,Toyota,Vitz,,2016,Used,Automatic,Hatchback,Petrol,990.0,59295.0
7390000.0,Toyota,Aqua,Toyota,2014,Used,Automatic,Hatchback,Hybrid,1500.0,158600.0
12500000.0,Mitsubishi,Eclipse Cross,Cross,2018,Used,Automatic,SUV / 4x4,Petrol,1500.0,95000.0
13950000.0,Toyota,CHR,NGX 10,2018,Used,Automatic,SUV / 4x4,Petrol,1200.0,82000.0
4750000.0,Suzuki,Swift,,2007,Used,Automatic,Hatchback,Petrol,1240.0,141500.0
7250000.0,Suzuki,Baleno,,2017,Used,Automatic,Hatchback,Petrol,1000.0,128000.0
13450000.0,Toyota,Raize,Z Grade 1.2L petrol ,2024,Used,Automatic,SUV / 4x4,Petrol,1190.0,20000.0
900000.0,Daihatsu,Charade,,1986,Used,Manual,Hatchback,Diesel,1000.0,100000.0
2700000.0,Mazda,Butterfly,,2000,Used,Automatic,Saloon,Petrol,1500.0,166300.0
1700000.0,Suzuki,Maruti,,1999,Used,Manual,Hatchback,Petrol,800.0,167341.0
9600000.0,Toyota,Axio,G Grade,2015,Used,Automatic,Saloon,Hybrid,1500.0,209000.0
10600000.0,Toyota,Roomy,Custom GT (Turbo),2024,Used,Automatic,Station wagon,Petrol,1000.0,1000.0
6590000.0,Honda,Civic,FD3,2010,Used,Automatic,Saloon,Hybrid,1390.0,170000.0
2650000.0,Kia,Rio,Sport,2003,Used,Manual,Saloon,Petrol,1300.0,140000.0
2360000.0,Nissan,Sunny,FB13,1990,Used,Manual,Saloon,Diesel,1680.0,100000.0
12250000.0,Volkswagen,Beetle,,2017,Used,Automatic,Coupé/Sports,Petrol,1200.0,63000.0
1350000.0,Toyota,Corolla,1986,1986,Used,Manual,Station wagon,Petrol,1300.0,209000.0
5800000.0,Suzuki,Wagon R Stingray,,2014,Used,Automatic,Hatchback,Hybrid,660.0,53000.0
5975000.0,Micro,Actyon,,2008,Used,Manual,SUV / 4x4,Diesel,2000.0,129900.0
64000000.0,Land Rover,Range Rover,Vouge SWB P400e,2018,Used,Automatic,SUV / 4x4,Hybrid,1997.0,69000.0
2050000.0,Suzuki,Maruti,2007,2007,Used,Automatic,Hatchback,Petrol,800.0,125000.0
2300000.0,Maruti Suzuki,800,,2011,Used,Manual,Hatchback,Petrol,800.0,84000.0
18500000.0,Peugeot,5008,GT Line Highest Spec,2018,Used,Automatic,SUV / 4x4,Petrol,1200.0,89000.0
2850000.0,Toyota,Corolla,AE100,1996,Used,Manual,Saloon,Petrol,1500.0,210000.0
54500000.0,Toyota,Land Cruiser Prado,LC250,2024,Used,Automatic,SUV / 4x4,Petrol,2800.0,2500.0
8000000.0,Toyota,Vitz,Edition 1,2018,Used,Automatic,Hatchback,Petrol,990.0,19980.0
6350000.0,Toyota,Corolla,141,2007,Used,Automatic,Saloon,Petrol,1600.0,119000.0
8650000.0,Toyota,Aqua,Urban,2015,Used,Automatic,Hatchback,Hybrid,1500.0,86000.0
6950000.0,Mercedes Benz,C220,,2001,Used,Manual,Saloon,Diesel,2148.0,174000.0
5975000.0,Suzuki,Swift,Beetle,2010,Used,Automatic,Hatchback,Petrol,1300.0,137000.0
46000000.0,Mercedes Benz,GLE 300D,GLE 300D,2020,Used,Automatic,SUV / 4x4,Diesel,3000.0,30400.0
9000000.0,Toyota,Allion,,2010,Used,Automatic,Saloon,Petrol,1500.0,135000.0
7150000.0,Toyota,Vitz,2015,2015,Used,Automatic,Hatchback,Petrol,1000.0,62530.0
4600000.0,Nissan,Sunny,FB15,2003,Used,Automatic,Saloon,Petrol,1490.0,211000.0
3100000.0,Micro,Panda,,2015,Used,Manual,Hatchback,Petrol,997.0,80000.0
11975000.0,Nissan,X-Trail,2015,2015,Used,Automatic,SUV / 4x4,Petrol,1990.0,148000.0
2550000.0,Tata,Indica,,2014,Used,Manual,Hatchback,Petrol,1000.0,140000.0
2500000.0,Nissan,Wingroad,Y10,1996,Used,Automatic,Station wagon,Petrol,1500.0,245607.0
7950000.0,Toyota,Aqua,,2015,Used,Automatic,Hatchback,Hybrid,1500.0,114000.0
1300000.0,Toyota,Corona,,1986,Used,Manual,Saloon,Petrol,1450.0,145000.0
4250000.0,Suzuki,Celerio,Manual LXI,2015,Used,Manual,Hatchback,Petrol,1000.0,205000.0
2850000.0,Nissan,Bluebird,Nissan,1998,Used,Manual,Saloon,Diesel,1000.0,280000.0
2150000.0,Suzuki,Maruti,,2007,Used,Manual,Hatchback,Petrol,800.0,58610.0
2990000.0,Nissan,Wingroad,,1998,Used,Automatic,Station wagon,Petrol,1490.0,230000.0
2370000.0,Maruti Suzuki,800,EFI,2012,Used,Manual,Hatchback,Petrol,800.0,87000.0
2300000.0,Toyota,Corolla,1994,1994,Used,Manual,Saloon,Diesel,1970.0,182000.0
870000.0,Nissan,Sunny,Sunny HB11,1984,Used,Manual,Station wagon,Petrol,1500.0,235000.0
1665000.0,Nissan,Sunny,HB12,1986,Used,Manual,Saloon,Petrol,1500.0,327600.0
1500000.0,Ford,Laser,,1992,Used,Automatic,Saloon,Petrol,1500.0,140000.0
12800000.0,Toyota,Allion,A15,2016,Used,Automatic,Saloon,Petrol,1500.0,160000.0
23500000.0,BMW,X1,F48 New Face,2019,Used,Tiptronic,Hatchback,Petrol,1500.0,17000.0
14000000.0,Mitsubishi,Montero,Sport,2012,Used,Tiptronic,SUV / 4x4,Diesel,2500.0,200000.0
2650000.0,Toyota,Tercel,Toyota,1995,Used,Manual,Saloon,Petrol,1500.0,222854.0
2575000.0,Micro,Panda,,2014,Used,Manual,,Petrol,1000.0,78000.0
1500000.0,Oldsmobile,Other Model,Custom Cruiser,1998,Used,Manual,,Petrol,2000.0,200006.0
690000.0,Volkswagen,Beetle,,1964,Used,Manual,,Petrol,1200.0,100000.0
17000000.0,Toyota,Land Cruiser Prado,TX,2016,Used,Automatic,SUV / 4x4,Diesel,3000.0,186000.0
1650000.0,Mazda,3,1988,1988,Used,Manual,Saloon,Petrol,1500.0,175000.0
3500000.0,Mazda,Familia,,2002,Used,Manual,,Petrol,1300.0,135000.0
7600000.0,Toyota,Allion,Alion 260,2007,Used,Automatic,Saloon,Petrol,1500.0,215000.0
9850000.0,Honda,Vezel,Honda,2014,Used,Automatic,Hatchback,Petrol,1500.0,132932.0
2050000.0,Maruti Suzuki,800,,2006,Used,Manual,Hatchback,Petrol,800.0,89000.0
4200000.0,Hyundai,Eon,,2016,Used,Manual,Hatchback,Petrol,814.0,74502.0
20900000.0,Land Rover,Range Rover Evoque,2013,2013,Used,Automatic,SUV / 4x4,Diesel,2200.0,140000.0
7975000.0,Toyota,Vitz,2,2018,Used,Automatic,Hatchback,Petrol,1000.0,69000.0
9000000.0,Kia,Sportage,2012,2012,Used,Automatic,SUV / 4x4,Diesel,2000.0,153000.0
11350000.0,Toyota,Roomy,Custom G,2025,Used,Automatic,MPV,Petrol,996.0,13081.0
2750000.0,Micro,Panda,Micro Panda,2013,Used,Manual,Hatchback,Petrol,1000.0,88668.0
7075000.0,Mitsubishi,eK Wagon,,2023,Used,Automatic,Hatchback,Petrol,650.0,12741.0
8750000.0,Honda,Vezel,,2015,Used,Automatic,,Petrol,1500.0,161000.0
12000000.0,Ssang Yong,Rexton,Full Option,2015,Used,Automatic,SUV / 4x4,Diesel,2000.0,187000.0
7950000.0,Suzuki,Hustler,,2025,Used,Automatic,MPV,Hybrid,650.0,3500.0
14190000.0,Audi,Q2,,2018,Used,Automatic,SUV / 4x4,Petrol,1000.0,110000.0
1850000.0,Suzuki,Maruti,2005,2005,Used,Manual,Hatchback,Petrol,800.0,91000.0
36500000.0,Toyota,Land Cruiser Prado,TRX,2015,Used,Automatic,SUV / 4x4,Petrol,2700.0,42000.0
5750000.0,Suzuki,Wagon R,J Style,2015,Used,Automatic,Hatchback,Petrol,650.0,57500.0
3650000.0,Peugeot,406,406,2000,Used,Automatic,Saloon,Petrol,2000.0,230000.0
32500000.0,Audi,A5,S Line 1 OF 1 Cabrio,2018,Used,Automatic,Convertible,Petrol,2000.0,52000.0
28900000.0,BMW,530e,M Sport ,2018,Used,Automatic,Saloon,Hybrid,2000.0,78000.0
5200000.0,Toyota,Carina,Toyota,1999,Used,Automatic,Saloon,Petrol,1500.0,205000.0
17650000.0,Honda,CRV,,2018,Used,Automatic,SUV / 4x4,Petrol,1500.0,90000.0
15450000.0,BMW,520i,M Sport,2012,Used,Tiptronic,Saloon,Petrol,2000.0,100000.0
24600000.0,Audi,Q7,TFSI Quattro,2016,Used,Automatic,Saloon,Petrol,2000.0,140000.0
5490000.0,Nissan,Tiida,,2007,Used,Automatic,Saloon,Petrol,1490.0,242401.0
5989998.0,Honda,Fit,GP 1,2012,Used,Automatic,Hatchback,Hybrid,1330.0,118269.0
4990000.0,Mazda,Demio,,2010,Used,Automatic,Hatchback,Petrol,1340.0,175959.0
7990000.0,DFSK,Glory,580,2020,Used,Automatic,SUV / 4x4,Petrol,1498.0,77257.0
6950000.0,Suzuki,Wagon R FZ,Safety,2018,Used,Automatic,Hatchback,Hybrid,650.0,58826.0
6975000.0,Toyota,Vitz,2016,2016,Used,Automatic,Hatchback,Petrol,1000.0,125000.0
5890000.0,Mitsubishi,eK Wagon,,2015,Used,Automatic,Hatchback,Petrol,650.0,96099.0
6590000.0,Suzuki,Wagon R FZ,Safety,2018,Used,Automatic,Hatchback,Hybrid,650.0,76305.0
8750000.0,Toyota,Aqua,X Urban,2015,Used,Automatic,Hatchback,Hybrid,1500.0,129000.0
5475000.0,Suzuki,Celerio,2017,2017,Used,Automatic,Hatchback,Petrol,1000.0,110000.0
4450000.0,Toyota,RAV4,,1996,Used,Manual,SUV / 4x4,Petrol,1998.0,220000.0
2525000.0,Suzuki,Maruti,maruti,2011,Used,Manual,Hatchback,Petrol,800.0,70000.0
13500000.0,Honda,CRV,CRV,2014,Used,Automatic,,Petrol,2000.0,219159.0
9575000.0,Toyota,Yaris,,2017,Used,Automatic,Saloon,Petrol,1329.0,169000.0
16500000.0,Honda,Vezel,Z,2023,Used,Automatic,Hatchback,Hybrid,1500.0,23000.0
2000000.0,Maruti Suzuki,800,Suzuki Maruti 800cc,2004,Used,Manual,Hatchback,Petrol,800.0,59000.0
4800000.0,Honda,Accord,,2004,Used,Automatic,Saloon,Petrol,2400.0,240000.0
800000.0,Daihatsu,Other Model,XTE,1981,Used,Manual,,Petrol,1000.0,95000.0
9200000.0,Toyota,Axio,2014,2014,Used,Automatic,Saloon,Hybrid,1500.0,110000.0
8000000.0,Toyota,Axio,,2012,Used,Automatic,Saloon,Petrol,1500.0,110000.0
18000000.0,Toyota,Harrier,,2015,Used,Automatic,Hatchback,Hybrid,2500.0,160000.0
12950000.0,Honda,Civic,Ex,2018,Used,Automatic,Saloon,Petrol,1000.0,48000.0
9950000.0,Toyota,Prius,,2013,Used,Automatic,Hatchback,Petrol,1800.0,176000.0
14800000.0,Honda,CRV,,2018,Used,Automatic,SUV / 4x4,Petrol,1500.0,124000.0
680000.0,Nissan,Sunny,1983,1983,Used,Manual,Saloon,Petrol,1500.0,100000.0
10100000.0,DFSK,Glory,i Auto,2021,Used,Automatic,SUV / 4x4,Petrol,1500.0,84000.0
14000000.0,Mitsubishi,Eclipse Cross,,2018,Used,Automatic,SUV / 4x4,Petrol,1500.0,174990.0
12600000.0,Honda,Fit Shuttle,Navi premium,2018,Used,Automatic,Station wagon,Hybrid,1500.0,93000.0
9600000.0,Toyota,Yaris,,2017,Used,Automatic,Saloon,Petrol,1300.0,81000.0
27500000.0,Toyota,FJ Cruiser,,2012,Used,Automatic,,Petrol,4000.0,48000.0
17500000.0,Mitsubishi,Montero,GLS Shogun 4M41 V78,2007,Used,Tiptronic,SUV / 4x4,Diesel,3200.0,156000.0
625000.0,Mazda,Familia,Deluxe 323 wagon,1985,Used,Manual,Station wagon,Petrol,1500.0,20230.0
17500000.0,BMW,320d,Luxury Line,2013,Used,Automatic,Saloon,Diesel,1995.0,93000.0
8100000.0,Toyota,Passo,XL,2023,Used,Automatic,Hatchback,Petrol,996.0,7800.0
49500000.0,Mercedes Benz,GLE 300D,,2019,Used,Automatic,SUV / 4x4,Diesel,2000.0,70000.0
10800000.0,Toyota,Allion,,2012,Used,Automatic,Saloon,Petrol,1500.0,175000.0
2300000.0,Suzuki,Maruti,,2010,Used,Manual,Hatchback,Petrol,800.0,62000.0
825000.0,Mitsubishi,Lancer,,1978,Used,Manual,Saloon,Petrol,1400.0,195000.0
5950000.0,Toyota,Vitz,,2008,Used,Automatic,Hatchback,Petrol,1000.0,125000.0
3500000.0,Suzuki,Wagon R,,2003,Used,Automatic,Hatchback,Petrol,650.0,100000.0
7850000.0,Honda,Fit,GP5,2015,Used,Automatic,Hatchback,Hybrid,1500.0,195000.0
4550000.0,Nissan,Sunny,N16,2003,Used,Automatic,Saloon,Petrol,1500.0,119000.0
8800000.0,MG,ZS,,2018,Used,Automatic,SUV / 4x4,Petrol,1500.0,80179.0
15500000.0,Peugeot,5008,,2019,Used,Automatic,SUV / 4x4,Petrol,1200.0,120000.0
6750000.0,Nissan,Other Model,Cedric,1998,Used,Automatic,,Petrol,2000.0,86000.0
41500000.0,Toyota,Land Cruiser Prado,TRJ 150W,2017,Used,Automatic,SUV / 4x4,Petrol,2700.0,94000.0
13700000.0,Mitsubishi,Outlander,,2014,Used,Automatic,SUV / 4x4,Hybrid,2000.0,174999.0
10510000.0,Toyota,Premio,,2013,Used,Automatic,Saloon,Petrol,1496.0,145000.0
1850000.0,Daewoo,Nubira,Car,1998,Used,Manual,Saloon,Petrol,1600.0,120000.0
6800000.0,Toyota,Avanza,,2011,Used,Manual,,Petrol,1500.0,145000.0
17300000.0,Toyota,Hilux,Revo,2017,Used,Automatic,SUV / 4x4,Diesel,3000.0,67500.0
9100000.0,Nissan,Magnite,,2025,Used,Automatic,SUV / 4x4,Petrol,1000.0,3400.0
1790000.0,Chery,QQ,,2007,Used,Manual,Hatchback,Petrol,800.0,69700.0
3200000.0,Ssang Yong,Musso,1996,1996,Used,Automatic,SUV / 4x4,Diesel,2400.0,315000.0
3750000.0,Suzuki,Alto,Alto LXI 800,2015,Used,Manual,Hatchback,Petrol,800.0,130000.0
12200000.0,Nissan,X-Trail,MODE PREMIER,2015,Used,Automatic,SUV / 4x4,Petrol,2000.0,120000.0
6600000.0,Toyota,Allion,2003,2003,Used,Automatic,Saloon,Petrol,1500.0,151000.0
10000000.0,Toyota,Axio,,2015,Used,Automatic,Saloon,Hybrid,1500.0,108000.0
66500000.0,Land Rover,Defender,HSE SUNROOF,2023,Used,Automatic,SUV / 4x4,Petrol,2000.0,12000.0
3390000.0,Suzuki,Wagon R,,2007,Used,Manual,,Petrol,1061.0,154960.0
8975000.0,Honda,Vezel,Z Grade,2014,Used,Automatic,SUV / 4x4,Hybrid,1500.0,155000.0
2800000.0,Toyota,Corona,1993,1993,Used,Manual,Saloon,Diesel,2000.0,292455.0
1990000.0,Tata,Indica,GLX,2006,Used,Manual,Hatchback,Petrol,1398.0,45000.0
5800000.0,Nissan,Navara,,2006,Used,Manual,SUV / 4x4,Diesel,2500.0,150000.0
12500000.0,Honda,Civic,,2017,Used,Automatic,,Petrol,1000.0,85000.0
9500000.0,Toyota,Hilux,,2008,Used,Manual,SUV / 4x4,Diesel,2400.0,217000.0
8250000.0,Toyota,Axio,G Grade,2009,Used,Automatic,Saloon,Petrol,1500.0,96000.0
7400000.0,Honda,Fit,,2014,Used,Automatic,Hatchback,Hybrid,1500.0,139000.0
9200000.0,Nissan,X-Trail,,2012,Used,Automatic,SUV / 4x4,Petrol,2500.0,215000.0
2800000.0,Suzuki,Baleno,1996,1996,Used,Manual,Hatchback,Petrol,1300.0,100000.0
2090000.0,Toyota,Corolla,1988,1988,Used,Manual,Saloon,Petrol,1500.0,265000.0
9500000.0,Mercedes Benz,C180,AMG Line,2010,Used,Automatic,Saloon,Petrol,1600.0,135000.0
9700000.0,Honda,Vezel,,2014,Used,Automatic,SUV / 4x4,Petrol,1500.0,140000.0
6850000.0,Toyota,Passo,KGC30,2015,Used,Automatic,Saloon,Petrol,990.0,115500.0
2600000.0,Hyundai,Accent,2000,2000,Used,Manual,Saloon,Petrol,1300.0,155000.0
2500000.0,Suzuki,Alto,,2003,Used,Manual,Hatchback,Petrol,800.0,131000.0
2850000.0,Hyundai,Matrix,GLS,2002,Used,Automatic,MPV,Petrol,1600.0,254336.0
32000000.0,Porsche,Panamera,S Hybrid,2014,Used,Automatic,Saloon,Hybrid,3000.0,74000.0
6900000.0,Toyota,Axio,X,2007,Used,Automatic,,Petrol,1500.0,200000.0
7750000.0,Honda,Fit,GP5,2014,Used,Automatic,Hatchback,Hybrid,1500.0,109000.0
430000.0,Toyota,Corona,AT 150,1987,Used,Manual,Saloon,Petrol,1500.0,12415.0
3865000.0,Suzuki,Alto,LXI,2014,Used,Manual,Hatchback,Petrol,800.0,92000.0
9200000.0,Toyota,Axio,Hybrid,2015,Used,Automatic,Saloon,Petrol,1490.0,84000.0
41500000.0,Mercedes Benz,C200,AMG,2023,Used,Automatic,Saloon,Petrol,1500.0,7000.0
7650000.0,Toyota,Allion,NZT 260,2007,Used,Automatic,Saloon,Petrol,1800.0,190000.0
11500000.0,Mitsubishi,Outlander,G Navi Phev,2014,Used,Automatic,SUV / 4x4,Other fuel type,2000.0,155000.0
7150000.0,Toyota,Vitz,KSP 130,2015,Used,Automatic,Hatchback,Petrol,1000.0,113000.0
1800000.0,Kia,Mentor,,2000,Used,Manual,Saloon,Petrol,1490.0,12000.0
17250000.0,Audi,Q3,S line,2018,Used,Automatic,Hatchback,Petrol,1400.0,60000.0
7400000.0,Toyota,Aqua,,2013,Used,Automatic,Hatchback,Hybrid,1500.0,138000.0
59500000.0,BMW,X5 M,V8 4.4L 1OF1,2015,Used,Automatic,SUV / 4x4,Petrol,4400.0,17000.0
7950000.0,Toyota,Vitz,Edition 2,2018,Used,Automatic,Hatchback,Petrol,1000.0,85000.0
2900000.0,Nissan,March,HK11,1997,Used,Manual,Hatchback,Petrol,1300.0,109066.0
10350000.0,Suzuki,XBee,MZ,2024,Used,Automatic,SUV / 4x4,Hybrid,990.0,10000.0
1400000.0,Toyota,Corolla,1976,1976,Used,Manual,Saloon,Petrol,200.0,1000000.0
52500000.0,Toyota,Land Cruiser Sahara,VX V8,2013,Used,Automatic,SUV / 4x4,Diesel,4416.0,100200.0
49500000.0,BMW,740Le,,2017,Used,Automatic,Saloon,Petrol,1998.0,63000.0
8295000.0,Suzuki,Wagon R ZX,Custom ,2024,Used,Automatic,MPV,Hybrid,650.0,16000.0
11575000.0,Honda,Vezel,Sensing,2017,Used,Automatic,Hatchback,Petrol,1500.0,75000.0
6650000.0,Suzuki,Wagon R FZ,,2018,Used,Automatic,Hatchback,Petrol,650.0,113000.0
6200000.0,Toyota,Yaris,,2007,Used,Manual,Saloon,Petrol,1300.0,177000.0
3800000.0,Suzuki,Alto,LXI 800,2015,Used,Manual,Hatchback,Petrol,800.0,76000.0
1800000.0,Hyundai,Santro,,2002,Used,Manual,Hatchback,Petrol,1086.0,173000.0
15000000.0,Toyota,Auris,Sport ,2016,Used,Automatic,Saloon,Petrol,1200.0,55000.0
700000.0,Nissan,Sunny,1976,1976,Used,Manual,Station wagon,Petrol,1.0,114000.0
6950000.0,Toyota,Prius,2nd Generation,2011,Used,Automatic,Hatchback,Hybrid,1500.0,187000.0
2595000.0,Micro,Panda,2013,2013,Used,Manual,Hatchback,Petrol,1000.0,141000.0
15500000.0,Mitsubishi,Outlander,,2015,Used,Automatic,SUV / 4x4,Hybrid,1990.0,175600.0
13900000.0,Toyota,CHR,NGX 10,2018,Used,Automatic,SUV / 4x4,Petrol,1500.0,61105.0
5750000.0,Nissan,Dayz,Highway Star,2015,Used,Automatic,Station wagon,Petrol,660.0,117000.0
6800000.0,Honda,Insight,Honda Insight 2009,2009,Used,Automatic,Hatchback,Hybrid,1300.0,195000.0
7090000.0,Suzuki,Wagon R Stingray,,2018,Used,Automatic,Hatchback,Hybrid,650.0,66367.0
5590000.0,Suzuki,Wagon R Stingray,,2015,Used,Automatic,Hatchback,Hybrid,650.0,177097.0
6075000.0,Perodua,Axia,G Grade,2017,Used,Automatic,Hatchback,Petrol,650.0,52597.0
5500000.0,Suzuki,Celerio,VXI,2015,Used,Automatic,Hatchback,Petrol,1000.0,57000.0
16800000.0,Honda,CRV,,2018,Used,Automatic,,Petrol,1997.0,121000.0
28000000.0,Mercedes Benz,E220,Full Option,2016,Used,Automatic,Saloon,Diesel,2000.0,60000.0
1100000.0,Mitsubishi,Lancer,Lancer Box,1980,Used,Manual,Hatchback,Petrol,1400.0,100000.0
6900000.0,Toyota,Corolla,141,2011,Used,Manual,Saloon,Diesel,2000.0,172905.0
4400000.0,Suzuki,Swift,Suzuki,2004,Used,Automatic,Hatchback,Petrol,1320.0,140000.0
60000000.0,Land Rover,Range Rover Sport,Autobiography,2018,Used,Automatic,SUV / 4x4,Petrol,2000.0,60000.0
2500000.0,Suzuki,Maruti,2012,2012,Used,Manual,Hatchback,Petrol,800.0,65000.0
5200000.0,Nissan,Tiida,,2007,Used,Automatic,Saloon,Petrol,1500.0,240000.0
3850000.0,Toyota,Corolla,,1996,Used,Automatic,Saloon,Petrol,1500.0,264562.0
3300000.0,Mazda,Familia,,2000,Used,Automatic,,Petrol,1490.0,131448.0
18500000.0,Honda,CRV,,2018,Used,Automatic,,Petrol,1498.0,64000.0
3975000.0,Suzuki,Alto,,2015,Used,Manual,Hatchback,Petrol,800.0,70000.0
780000.0,Nissan,Sunny,B2 11,1977,Used,Manual,Saloon,Petrol,1200.0,580000.0
9800000.0,Toyota,Axio,2016,2016,Used,Automatic,Saloon,Hybrid,1500.0,119000.0
4300000.0,Micro,Panda Cross,,2018,Used,Automatic,SUV / 4x4,Petrol,1000.0,11517.0
20950000.0,Nissan,Patrol,GRX Sun Roof,2008,Used,Automatic,SUV / 4x4,Diesel,3000.0,235000.0
9950000.0,Kia,Sportage,Fully Loaded,2013,Used,Automatic,SUV / 4x4,Diesel,2000.0,134000.0
13500000.0,Toyota,CHR,NGX50,2017,Used,Automatic,SUV / 4x4,Petrol,1200.0,128000.0
6200000.0,Suzuki,Wagon R FZ,2017,2017,Used,Automatic,,Petrol,725.0,178000.0
3000000.0,Tata,Indica,,2015,Used,Manual,Hatchback,Petrol,1400.0,109000.0
2650000.0,Nissan,Sunny,FB14,1999,Used,Manual,Saloon,Diesel,1990.0,220000.0
975000.0,Nissan,Sunny,B211,1976,Used,Manual,Saloon,Petrol,1200.0,80000.0
2900000.0,Suzuki,Wagon R,2001,2001,Used,Automatic,Hatchback,Petrol,660.0,20000.0
1399997.0,Suzuki,Alto,Japan Alto,1998,Used,Manual,Station wagon,Petrol,660.0,165000.0
4600000.0,Suzuki,Celerio,Suzuki Celerio 2015,2015,Used,Manual,Hatchback,Petrol,1000.0,135000.0
2600000.0,Maruti Suzuki,800,2011,2011,Used,Manual,Hatchback,Petrol,800.0,62000.0
7675000.0,Toyota,Vitz,Edition 2,2017,Used,Automatic,Hatchback,Petrol,1000.0,93000.0
28500000.0,BMW,520d,M Sport,2016,Used,Automatic,Saloon,Diesel,2000.0,47000.0
2600000.0,Micro,Panda,2010,2010,Used,Manual,Hatchback,Petrol,1100.0,50000.0
27500000.0,Mercedes Benz,E350,,2017,Used,Automatic,Saloon,Hybrid,2000.0,65000.0
5200000.0,Mitsubishi,Lancer,,2002,Used,Manual,Saloon,Petrol,1300.0,241000.0
4575000.0,Toyota,Corolla,AAE110 Crystal Light,1998,Used,Automatic,Saloon,Petrol,1500.0,190000.0
17600000.0,Honda,Vezel,Z Premium ,2024,Used,Automatic,SUV / 4x4,Hybrid,1490.0,20000.0
12800000.0,Toyota,Rush,,2018,Used,Automatic,SUV / 4x4,Petrol,1490.0,96170.0
7500000.0,Toyota,Axio,AXIO G Grade 2008,2008,Used,Automatic,Saloon,Petrol,1500.0,173000.0
2450000.0,Suzuki,Maruti,Sport,2013,Used,Manual,,Petrol,800.0,50000.0
11650000.0,Toyota,CHR,GT turbo,2016,Used,Automatic,SUV / 4x4,Petrol,1200.0,101000.0
13000000.0,Toyota,Raize,Hybrid ,2024,Used,Automatic,SUV / 4x4,Hybrid,1190.0,8000.0
9750000.0,Suzuki,S-Cross,S-Cross,2018,Used,Automatic,SUV / 4x4,Petrol,1000.0,69000.0
4275000.0,Daihatsu,Mira,Full Option ,2008,Used,Automatic,Hatchback,Petrol,650.0,178000.0
7395000.0,Suzuki,Swift,Full Option ,2017,Used,Automatic,Hatchback,Petrol,1300.0,88000.0
7550000.0,Suzuki,Swift,RS Turbo,2017,Used,Tiptronic,,Petrol,990.0,121000.0
5475000.0,Toyota,Pixis,Full Option ,2016,Used,Automatic,Hatchback,Petrol,650.0,60000.0
8000000.0,Toyota,Vitz,,2017,Used,Automatic,Hatchback,Petrol,1000.0,80000.0
11875000.0,Kia,Sportage,Diesel ,2015,Used,Automatic,SUV / 4x4,Diesel,2200.0,142000.0
7995000.0,Honda,Fit,GP5 L Grade ,2015,Used,Automatic,Hatchback,Hybrid,1500.0,96000.0
2850000.0,Suzuki,Wagon R,VXi,2006,Used,Manual,Hatchback,Petrol,1000.0,159600.0
12500000.0,Toyota,CHR,NGX10,2018,Used,Automatic,,Petrol,1200.0,114000.0
4000000.0,Nissan,Cefiro,Nissan Cefiro,1998,Used,Automatic,Saloon,Petrol,2000.0,168025.0
2350000.0,Maruti Suzuki,800,maruti 800,2007,Used,Manual,,Petrol,800.0,72000.0
3950000.0,Hyundai,Eon,Magna Plus,2015,Used,Manual,Hatchback,Petrol,814.0,182000.0
9100000.0,Honda,Vezel,,2014,Used,Automatic,SUV / 4x4,Petrol,1490.0,145411.0
7000000.0,Toyota,Rush,,2007,Used,Automatic,SUV / 4x4,Petrol,1400.0,125000.0
6350000.0,Perodua,Bezza,,2017,Used,Automatic,Saloon,Petrol,1000.0,95000.0
7600000.0,Honda,Fit,2013 S Grade Gp5,2013,Used,Automatic,,Hybrid,1499.0,120000.0
4150000.0,Suzuki,Other Model,Ritz,2012,Used,Manual,Hatchback,Petrol,1200.0,235000.0
24000000.0,BMW,X5,M Sport,2016,Used,Automatic,SUV / 4x4,Hybrid,2000.0,108000.0
35875000.0,Mercedes Benz,GLB,180,2025,Used,Automatic,SUV / 4x4,Petrol,1300.0,12000.0
4345000.0,Nissan,Sunny,N16,2001,Used,Automatic,Saloon,Petrol,1500.0,140000.0
2695000.0,Nissan,March,K11,1995,Used,Manual,Hatchback,Petrol,1300.0,150000.0
5275000.0,Suzuki,Celerio,ZXI Auto,2017,Used,Automatic,Hatchback,Petrol,1000.0,93000.0
5230000.0,Suzuki,Alto,HA36,2017,Used,Automatic,Hatchback,Petrol,650.0,111941.0
600000.0,Austin,Cambridge,Austin,1960,Used,Manual,Station wagon,Petrol,1000.0,50000.0
12000000.0,Mitsubishi,L200,2WD,2016,Used,Manual,,Diesel,2500.0,185000.0
4975000.0,Suzuki,Celerio,Vxi Auto,2016,Used,Automatic,Hatchback,Petrol,1000.0,94000.0
2695000.0,Hyundai,Elantra,Trim,2000,Used,Manual,Saloon,Petrol,1599.0,169500.0
9490000.0,Toyota,Axio,,2014,Used,Automatic,,Hybrid,1490.0,127262.0
4650000.0,Nissan,March,AK,2007,Used,Automatic,Hatchback,Petrol,1240.0,132000.0
9250000.0,Honda,Fit Shuttle,2013,2013,Used,Automatic,Station wagon,Petrol,1330.0,144750.0
2150000.0,Nissan,Sunny,1992,1992,Used,Manual,Saloon,Diesel,1500.0,100000.0
13800000.0,Toyota,CHR,NGX-10 GT 2WD,2018,Used,Automatic,,Petrol,1200.0,93000.0
16250000.0,Jeep,Compass,Limited,2019,Used,Automatic,SUV / 4x4,Petrol,1400.0,125000.0
2550000.0,Mitsubishi,Lancer,CB3A,1998,Used,Automatic,Saloon,Petrol,1500.0,168880.0
64500000.0,Land Rover,Defender,First edition diesel,2020,Used,Automatic,SUV / 4x4,Diesel,2000.0,28000.0
8700000.0,DFSK,Glory,,2021,Used,Tiptronic,Hatchback,Petrol,1500.0,77000.0
22500000.0,Toyota,Land Cruiser Prado,TX 150,2010,Used,Automatic,SUV / 4x4,Petrol,2700.0,150000.0
9000000.0,Land Rover,Defender,Defender,1971,Used,Manual,SUV / 4x4,Diesel,2500.0,70000.0
4350000.0,Hyundai,Eon,,2016,Used,Manual,Hatchback,Petrol,814.0,90400.0
5400000.0,Perodua,Axia,G Grade,2016,Used,Automatic,Hatchback,Petrol,1000.0,220000.0
11200000.0,Toyota,Hilux,Vigo Champ,2010,Used,Manual,SUV / 4x4,Diesel,2500.0,107000.0
38900000.0,BMW,740Le,M sports,2016,Used,Automatic,Saloon,Petrol,2000.0,60000.0
19800000.0,Peugeot,5008,GT Line,2020,Used,Automatic,SUV / 4x4,Petrol,1200.0,57000.0
12500000.0,Toyota,Premio,Premio Superior,2014,Used,Automatic,Saloon,Petrol,1497.0,196000.0
7200000.0,Toyota,Vitz,Safety Push Start,2016,Used,Automatic,Hatchback,Petrol,990.0,102000.0
1300000.0,Toyota,Corona,Deluxe Edition,1972,Used,Manual,Saloon,Petrol,1600.0,250000.0
7250000.0,Toyota,Vitz,Toyota,2015,Used,Automatic,Hatchback,Petrol,1000.0,90706.0
10450000.0,Honda,Grace,,2017,Used,Tiptronic,Saloon,Hybrid,1500.0,109000.0
6600000.0,Honda,S660,2015,2015,Used,Automatic,Convertible,Petrol,660.0,60000.0
5350000.0,Daihatsu,Mira,,2015,Used,Automatic,Hatchback,Petrol,650.0,93600.0
5095000.0,Micro,Actyon,,2008,Used,Automatic,SUV / 4x4,Diesel,1998.0,231142.0
6330000.0,Suzuki,Wagon R FX,Safety,2017,Used,Automatic,Hatchback,Hybrid,650.0,94885.0
9800000.0,DFSK,Glory,,2023,Used,Automatic,SUV / 4x4,Petrol,1500.0,23500.0
11550000.0,Honda,Vezel,RS Sensing,2016,Used,Automatic,SUV / 4x4,Hybrid,1500.0,112000.0
19950000.0,Ssang Yong,Rexton,GM4,2017,Used,Automatic,SUV / 4x4,Diesel,2000.0,112000.0
3355000.0,Micro,Panda,,2016,Used,Manual,Hatchback,Petrol,1342.0,29600.0
4200000.0,Renault,KWID,,2018,Used,Manual,Hatchback,Petrol,800.0,121500.0
12090000.0,Honda,Civic,Tech Pack,2017,Used,Automatic,Hatchback,Petrol,1000.0,78000.0
13550000.0,Toyota,Allion,G PLUS,2017,Used,Automatic,Saloon,Petrol,1500.0,100000.0
13550000.0,Toyota,Allion,G PLUS,2016,Used,Automatic,Saloon,Petrol,1500.0,100000.0
13550000.0,Toyota,Allion,NZT260 G PLUS,2016,Used,Automatic,Saloon,Petrol,1500.0,100000.0
6180000.0,Perodua,Bezza,2017,2017,Used,Automatic,Saloon,Petrol,998.0,138000.0
8350000.0,Toyota,Vitz,Safety Edition 2,2018,Used,Automatic,Hatchback,Petrol,990.0,72000.0
5650000.0,Honda,Fit,GE6,2008,Used,Automatic,Hatchback,Petrol,1300.0,91000.0
4800000.0,Suzuki,Celerio,VXI,2015,Used,Automatic,Hatchback,Petrol,1000.0,122000.0
1345000.0,Mitsubishi,Lancer,SL 5fwd,1981,Used,Manual,Saloon,Petrol,1400.0,98000.0
475000.0,Nissan,Sunny,B310,1978,Used,Manual,Saloon,Petrol,1200.0,394800.0
7700000.0,Toyota,Vitz,1st Edition,2018,Used,Automatic,Hatchback,Petrol,1000.0,41500.0
3250000.0,Toyota,Corolla,CE110,1996,Used,Automatic,Saloon,Diesel,2000.0,254000.0
8120000.0,Honda,Vezel,2013,2013,Used,Automatic,SUV / 4x4,Hybrid,1490.0,148100.0
5500000.0,Suzuki,Celerio,ZXI,2017,Used,Automatic,Hatchback,Petrol,998.0,108700.0
6500000.0,Suzuki,Alto,Japan DHA-HA36S,2017,Used,Automatic,Hatchback,Petrol,650.0,83000.0
8150000.0,Honda,Insight,ZE3,2011,Used,Automatic,Saloon,Hybrid,1500.0,185000.0
7485000.0,Toyota,Axio,X Grade,2008,Used,Automatic,Saloon,Petrol,1500.0,156000.0
24250000.0,Toyota,Hilux,2.8L 4WD Double Cab,2025,Used,Automatic,SUV / 4x4,Diesel,2800.0,3051.0
8950000.0,Toyota,Prius,2009,2009,Used,Automatic,Saloon,Hybrid,1800.0,98800.0
8450000.0,Toyota,Vitz,2018,2018,Used,Automatic,,Petrol,990.0,88000.0
7500000.0,Honda,Fit,,2014,Used,Automatic,Hatchback,Hybrid,1490.0,200000.0
21000000.0,Porsche,Cayenne,,2011,Used,Automatic,SUV / 4x4,Petrol,3000.0,237800.0
47000000.0,Mercedes Benz,S500,longwheel S500e,2016,Used,Tiptronic,Saloon,Hybrid,3800.0,65000.0
8950000.0,MG,ZS,,2018,Used,Automatic,,Petrol,1000.0,59000.0
14350000.0,Toyota,Prius,4th Generation,2016,Used,Automatic,Saloon,Hybrid,1800.0,120000.0
4190000.0,Suzuki,Swift,Center Antenna,2003,Used,Automatic,Hatchback,Petrol,1300.0,193000.0
4800000.0,Volkswagen,Beetle,Veta,1965,Used,Manual,Hatchback,Petrol,1300.0,100000.0
19500000.0,BMW,318i,M Sport,2017,Used,Automatic,Saloon,Petrol,1500.0,65000.0
28500000.0,Mercedes Benz,E350,e,2017,Used,Automatic,Saloon,Petrol,1991.0,60639.0
6800000.0,Suzuki,Swift,,2014,Used,Automatic,Hatchback,Petrol,1400.0,110009.0
7590001.0,Toyota,Aqua,S Grade,2012,Used,Automatic,Hatchback,Hybrid,1490.0,89000.0
6120000.0,Perodua,Bezza,,2017,Used,Automatic,Saloon,Petrol,998.0,140000.0
5550000.0,Toyota,Vitz,2009,2009,Used,Automatic,,Petrol,1000.0,142000.0
10900000.0,Mitsubishi,Pajero,Intercooler 2.8,1997,Used,Automatic,SUV / 4x4,Diesel,2800.0,226000.0
10500000.0,DFSK,Glory,I Auto,2021,Used,Automatic,SUV / 4x4,Petrol,1490.0,29000.0
4800000.0,Nissan,Tiida,,2007,Used,Automatic,Saloon,Petrol,1499.0,237500.0
1400000.0,Volvo,940,940GL VIP,1995,Used,Automatic,Saloon,Petrol,1700.0,150000.0
3745000.0,Suzuki,Alto,Lxi 800,2015,Used,Manual,Hatchback,Petrol,800.0,56000.0
4800001.0,Suzuki,Swift,,2007,Used,Manual,Hatchback,Petrol,1298.0,74030.0
3790000.0,Perodua,Kenari,,2006,Used,Manual,Hatchback,Petrol,989.0,93806.0
3690000.0,Micro,Panda,,2016,Used,Manual,Hatchback,Petrol,998.0,52174.0
4290000.0,Suzuki,Alto,,2007,Used,Automatic,Hatchback,Petrol,650.0,132765.0
6950000.0,Hyundai,Santa Fe,,2007,Used,Automatic,SUV / 4x4,Diesel,2636.0,175519.0
11000000.0,Mitsubishi,ASX,,2015,Used,Automatic,SUV / 4x4,Petrol,2000.0,161611.0
7890000.0,Kia,Sportage,,2011,Used,Automatic,Hatchback,Petrol,1998.0,140746.0
2000000.0,Micro,Trend,,2009,Used,Automatic,Hatchback,Petrol,650.0,179000.0
1800000.0,Maruti Suzuki,800,,2004,Used,Manual,Hatchback,Petrol,800.0,17450.0
11000000.0,Volkswagen,Tiguan,,2010,Used,Automatic,SUV / 4x4,Petrol,1984.0,177497.0
20000000.0,Audi,80,Cabriolet,1997,Used,Manual,Saloon,Petrol,1800.0,35000.0
4000000.0,Nissan,Cefiro,Cefiro,1998,Used,Automatic,Saloon,Petrol,2000.0,168025.0
8250000.0,Toyota,Vitz,Edition 1,2018,Used,Automatic,Hatchback,Petrol,1000.0,37318.0
9900000.0,Honda,Vezel,Z Grade,2015,Used,Automatic,SUV / 4x4,Hybrid,1500.0,140000.0
5375000.0,Suzuki,Swift,Beetle,2007,Used,Automatic,Hatchback,Petrol,1500.0,160000.0
7825000.0,Toyota,Vitz,2 Editions ,2018,Used,Automatic,Hatchback,Petrol,1000.0,79000.0
4800000.0,Suzuki,Celerio,VXI,2015,Used,Automatic,Hatchback,Petrol,998.0,144999.0
6000000.0,Suzuki,Ertiga,VVT,2014,Used,Manual,MPV,Petrol,1373.0,52410.0
10800000.0,Kia,Sportage,,2014,Used,Tiptronic,,Diesel,2000.0,212000.0
14750000.0,DFSK,Glory,I Auto Limited,2024,Used,Tiptronic,SUV / 4x4,Petrol,1500.0,40200.0
9000000.0,Suzuki,Grand Vitara,,2012,Used,Automatic,,Petrol,2000.0,167000.0
7250000.0,Honda,Insight,ZE2,2010,Used,Automatic,Hatchback,Petrol,1300.0,198000.0
11250000.0,Toyota,Prius,S Grade,2013,Used,Automatic,Saloon,Hybrid,1800.0,173000.0
14500000.0,Peugeot,3008,GT,2019,Used,Automatic,Hatchback,Petrol,1300.0,80000.0
2850000.0,Toyota,Carina,AT 170,1990,Used,Manual,Saloon,Petrol,1500.0,250000.0
10300000.0,Toyota,Raize,Toyota Raize X 2024,2024,Used,Automatic,Hatchback,Petrol,1000.0,17000.0
11450000.0,Mitsubishi,Montero,V75W,2002,Used,Automatic,SUV / 4x4,Petrol,3500.0,168000.0
44500000.0,Toyota,Land Cruiser Sahara,zx,2010,Used,Automatic,Station wagon,Petrol,4660.0,165000.0
17800000.0,Mercedes Benz,C250,Coupe,2016,Used,Automatic,Coupé/Sports,Petrol,1991.0,125000.0
785000.0,Mitsubishi,Lancer,C12 GLX 1985,1985,Used,Manual,Saloon,Petrol,1500.0,177632.0
30000000.0,Land Rover,Discovery,5-HSE -7 Seater,2018,Used,Automatic,SUV / 4x4,Diesel,2000.0,110000.0
29900000.0,Audi,Q7,Quattro ,2017,Used,Automatic,SUV / 4x4,Petrol,2000.0,100000.0
51000000.0,Mercedes Benz,GLE 300D,Tech Pack Plus,2019,Used,Automatic,SUV / 4x4,Diesel,2000.0,48000.0
69500000.0,Toyota,Land Cruiser Sahara,V8 - VX Full Spec,2016,Used,Automatic,SUV / 4x4,Diesel,4700.0,100000.0
68000000.0,Land Rover,Range Rover,Autobiography-LWB ,2019,Used,Automatic,SUV / 4x4,Petrol,2000.0,90000.0
6285000.0,Toyota,Camry,,2002,Used,Automatic,Saloon,Petrol,2362.0,193200.0
4790000.0,Nissan,Bluebird,2001,2001,Used,Automatic,Saloon,Petrol,1800.0,130000.0
2875000.0,Nissan,Sunny,B14,1998,Used,Manual,Saloon,Petrol,1400.0,144000.0
47500000.0,Jaguar,F-Type,S AWD British Design,2017,Used,Automatic,Coupé/Sports,Petrol,3000.0,26000.0
4300000.0,Nissan,March,AK12,2003,Used,Automatic,,Petrol,1240.0,165000.0
1375000.0,Bajaj,Qute,,2019,Used,Manual,Hatchback,Petrol,216.0,45000.0
7900000.0,Mercedes Benz,C180,W203,2003,Used,Automatic,Saloon,Petrol,2000.0,145000.0
1300000.0,Micro,Panda Cross,Micro,2013,Used,Other transmission,Hatchback,Petrol,1300.0,72000.0
7380000.0,Toyota,Aqua,,2013,Used,Automatic,,Petrol,1500.0,162000.0
5750000.0,Suzuki,Hustler,,2017,Used,Automatic,SUV / 4x4,Petrol,660.0,125112.0
7000000.0,Toyota,Corolla,141,2008,Used,Automatic,Saloon,Petrol,1600.0,149000.0
4325000.0,Toyota,Corona,1997,1997,Used,Automatic,Saloon,Diesel,1970.0,317500.0
3975000.0,Suzuki,Escudo,VITARA DIESEL 4WD ,1996,Used,Manual,SUV / 4x4,Diesel,2180.0,230000.0
9150000.0,Honda,Vezel,,2014,Used,Automatic,Hatchback,Hybrid,1500.0,125000.0
29000000.0,Mercedes Benz,GLB,,2021,Used,Automatic,SUV / 4x4,Petrol,1332.0,64355.0
3450000.0,Tata,Indigo,indigo eCs 2016,2016,Used,Manual,Saloon,Petrol,1300.0,71000.0
975000.0,Mitsubishi,Lancer,,1986,Used,Manual,Saloon,Petrol,1300.0,327600.0
5100000.0,Suzuki,Celerio,VXI,2014,Used,Tiptronic,Hatchback,Petrol,1000.0,64300.0
5890000.0,Suzuki,Hustler,J Style,2015,Used,Automatic,Hatchback,Hybrid,650.0,94578.0
6590000.0,Mazda,Flair,Fz Safety,2017,Used,Automatic,Hatchback,Hybrid,650.0,91594.0
5990000.0,Suzuki,Wagon R FX,Safety,2017,Used,Automatic,Hatchback,Hybrid,650.0,65118.0
5990000.0,Suzuki,Wagon R Stingray,,2014,Used,Automatic,Hatchback,Hybrid,650.0,90676.0
7195000.0,Suzuki,Wagon R Stingray,,2018,Used,Automatic,Hatchback,Hybrid,650.0,73557.0
11850000.0,Toyota,Axio,X Grade,2018,Used,Automatic,Saloon,Hybrid,1490.0,118352.0
6290000.0,Perodua,Bezza,,2017,Used,Automatic,Saloon,Petrol,998.0,96211.0
1025000.0,Mitsubishi,Lancer,Box,1984,Used,Manual,Saloon,Petrol,1500.0,26000.0
7375000.0,Toyota,Vitz,,2016,Used,Automatic,Hatchback,Petrol,990.0,133622.0
8090000.0,Toyota,Vitz,Edition 3,2018,Used,Automatic,Hatchback,Petrol,990.0,78933.0
9800000.0,Toyota,Axio,NKE165 2019,2016,Used,Automatic,Saloon,Petrol,1390.0,76300.0
27500000.0,Volkswagen,ID,4 Pro Performance ,2024,Used,Automatic,Hatchback,Electric,150.0,16000.0
4990000.0,Toyota,Vios,2007,2004,Used,Automatic,Saloon,Petrol,1500.0,190000.0
5500000.0,Mazda,Axela,,2004,Used,Tiptronic,Saloon,Petrol,1500.0,200000.0
3800000.0,Hyundai,Santa Fe,,2004,Used,Automatic,SUV / 4x4,Petrol,2700.0,146000.0
9750000.0,Toyota,Premio,G Grade,2012,Used,Automatic,Saloon,Petrol,1500.0,175000.0
7500000.0,Suzuki,Wagon R FX,Hybrid,2024,Used,Automatic,Hatchback,Hybrid,660.0,3500.0
11000000.0,Nissan,Juke,,2020,Used,Automatic,SUV / 4x4,Petrol,1000.0,72000.0
5400000.0,Kia,Sorento,EX,2004,Used,Automatic,SUV / 4x4,Petrol,2497.0,184000.0
7200000.0,Toyota,Axio,,2008,Used,Automatic,,Petrol,1500.0,140000.0
2500000.0,Chery,QQ,2012,2012,Used,Automatic,Hatchback,Petrol,850.0,37000.0
14850000.0,Toyota,Prius,,2016,Used,Automatic,Saloon,Petrol,1500.0,113000.0
20000000.0,BMW,X2,M-Sport Pro ,2019,Used,Automatic,SUV / 4x4,Petrol,1500.0,45000.0
1250000.0,Toyota,Corolla,,1983,Used,Manual,Saloon,Petrol,1300.0,65000.0
45500000.0,Mercedes Benz,GLE 300D,AMG Premium Plus ,2019,Used,Automatic,SUV / 4x4,Diesel,2000.0,50000.0
45500000.0,Mercedes Benz,GLE 300D,AMG Premium Plus ,2019,Used,Automatic,SUV / 4x4,Diesel,2000.0,38000.0
11000000.0,Toyota,Axio,Hybrid G Grade,2016,Used,Automatic,Saloon,Petrol,1500.0,148000.0
1600000.0,Nissan,Sunny,Nissan,1990,Used,Manual,Saloon,Petrol,1300.0,218899.0
32500000.0,Volkswagen,ID 5 | Pro,Volkswagen ID5 Pro,2023,Used,Automatic,SUV / 4x4,Electric,150.0,26000.0
1900000.0,Maruti Suzuki,800,Maruti,2006,Used,Manual,Hatchback,Petrol,800.0,160000.0
7940000.0,Toyota,Aqua,S Grade,2015,Used,Automatic,Hatchback,Hybrid,1500.0,140000.0
5450000.0,Toyota,Vitz,,2008,Used,Automatic,Hatchback,Petrol,1000.0,116000.0
4950000.0,Toyota,Vitz,KSP90,2007,Used,Automatic,Hatchback,Petrol,1000.0,171000.0
1240000.0,Toyota,Sprinter,Toyota,1987,Used,Manual,Saloon,Petrol,1300.0,319200.0
6450000.0,Honda,N-WGN,,2019,Used,Automatic,Hatchback,Petrol,660.0,41789.0
5500000.0,Hyundai,Tucson,,2007,Used,Tiptronic,SUV / 4x4,Diesel,1998.0,200600.0
4975000.0,Toyota,Passo,2011,2007,Used,Automatic,Hatchback,Petrol,1000.0,118000.0
5250000.0,Toyota,Vitz,,2007,Used,Automatic,Hatchback,Petrol,1300.0,110000.0
580000.0,Mitsubishi,Lancer,,1987,Used,Manual,,Petrol,1400.0,300000.0
3670000.0,Suzuki,Alto,800 LXI,2015,Used,Manual,Hatchback,Petrol,800.0,76000.0
3695000.0,Suzuki,Alto,800 LXI,2015,Used,Manual,Hatchback,Petrol,800.0,79000.0
64000000.0,Land Rover,Defender,Urben Highest UK SPC,2022,Used,Automatic,SUV / 4x4,Diesel,2000.0,30000.0
9000000.0,Honda,Vezel,2014,2014,Used,Automatic,SUV / 4x4,Petrol,1500.0,156000.0
34000000.0,Mercedes Benz,E350,E350 ePlug in Hybrid,2018,Used,Automatic,Saloon,Hybrid,2000.0,51000.0
750000.0,Daihatsu,Charmant,,1987,Used,Manual,Saloon,Petrol,1300.0,319200.0
29800000.0,Mitsubishi,Montero,2015 Montero GLS,2015,Used,Tiptronic,SUV / 4x4,Diesel,3000.0,91000.0
2800000.0,Micro,Panda,Micro,2015,Used,Manual,Hatchback,Petrol,1000.0,90473.0
8900000.0,Toyota,Axio,G Grade,2014,Used,Automatic,Saloon,Hybrid,1500.0,151000.0
8250000.0,Austin,Mini,Moke,1966,Used,Manual,Station wagon,Petrol,1000.0,33000.0
8900000.0,Toyota,Aqua,X Urban,2015,Used,Automatic,Hatchback,Hybrid,1490.0,157689.0
10600000.0,Honda,Vezel,,2015,Used,Automatic,SUV / 4x4,Petrol,1490.0,97982.0
6290000.0,Toyota,Passo,HANA,2013,Used,Automatic,Hatchback,Petrol,990.0,95273.0
25000000.0,BMW,X5,,2016,Used,Automatic,,Petrol,1997.0,79541.0
7090000.0,Toyota,Hilux,Hilux Smart Cab,2010,Used,Manual,SUV / 4x4,Diesel,2500.0,126000.0
3200000.0,Toyota,Corsa,,1996,Used,Automatic,Saloon,Petrol,1330.0,271286.0
2950000.0,Suzuki,Wagon R,,2004,Used,Manual,,Petrol,999.0,176400.0
1500000.0,Hyundai,Sonata,,1997,Used,Manual,Saloon,Petrol,1997.0,95000.0
7000000.0,Toyota,Vitz,,2016,Used,Automatic,Hatchback,Petrol,999.0,97000.0
8175000.0,Hyundai,Tucson,Diesel Fully Loaded,2011,Used,Automatic,SUV / 4x4,Diesel,2000.0,163000.0
5500000.0,Nissan,Leaf,Nissan,2014,Used,Automatic,Hatchback,Hybrid,1000.0,89000.0
2275000.0,Mitsubishi,Pajero,,1989,Used,Manual,SUV / 4x4,Diesel,2500.0,137000.0
2875000.0,Suzuki,Alto,Lxi,2009,Used,Manual,Hatchback,Petrol,800.0,184000.0
38500000.0,Toyota,Land Cruiser Sahara,ZX,2011,Used,Automatic,SUV / 4x4,Petrol,4600.0,106500.0
4300000.0,Micro,Panda Cross,,2017,Used,Automatic,Hatchback,Petrol,1000.0,68000.0
590000.0,Suzuki,Maruti,japan,1981,Used,Manual,,Petrol,600.0,32145.0
21800000.0,Land Rover,Range Rover Evoque,,2013,Used,Automatic,SUV / 4x4,Diesel,2200.0,129000.0
9090000.0,Honda,Grace,EX ,2015,Used,Automatic,Saloon,Hybrid,1500.0,118000.0
16000000.0,Mercedes Benz,C220,C220 CDI,2012,Used,Automatic,Saloon,Diesel,2143.0,76000.0
16450000.0,Mini,Cooper,,2017,Used,Automatic,,Petrol,1500.0,29000.0
12000000.0,Toyota,Axio,Corolla WXB Hybrid,2017,Used,Automatic,Saloon,Hybrid,1490.0,104500.0
965000.0,Nissan,Other Model,HB11,1984,Used,Manual,Saloon,Petrol,1500.0,235000.0
7250000.0,Toyota,Ractis,2007,2007,Used,Automatic,Hatchback,Petrol,1300.0,165000.0
29500000.0,Land Rover,Defender,Land Rover,2010,Used,Manual,SUV / 4x4,Diesel,2400.0,120000.0
6000000.0,Nissan,Dutsun,D21,1988,Used,Manual,SUV / 4x4,Diesel,2700.0,200000.0
19000000.0,Mercedes Benz,E300,Edition E,2015,Used,Automatic,Saloon,Diesel,2200.0,123000.0
5790000.0,Perodua,Axia,G,2017,Used,Automatic,Hatchback,Petrol,1000.0,111000.0
1775000.0,Micro,Trend,,2012,Used,Manual,Saloon,Petrol,1075.0,65000.0
200000.0,Nissan,AD Wagon,,1986,Used,Manual,Station wagon,Petrol,1300.0,165000.0
19500000.0,Ford,Raptor Ranger,,2013,Used,Manual,SUV / 4x4,Diesel,2000.0,200000.0
12950000.0,Toyota,Land Cruiser Prado,Prado 120,2003,Used,Manual,SUV / 4x4,Petrol,2700.0,152000.0
7690000.0,DFSK,Glory,Glory 580,2019,Used,Tiptronic,SUV / 4x4,Petrol,1500.0,79000.0
3400000.0,Nissan,AD Wagon,,2001,Used,Automatic,Station wagon,Petrol,1300.0,200000.0
1300000.0,Toyota,Corolla,1985,1985,Used,Manual,Station wagon,Petrol,1300.0,112000.0
1060000.0,Mitsubishi,Lancer,Box,1979,Used,Manual,Saloon,Petrol,1400.0,76523.0
1450000.0,Toyota,Corona,Toyota,1986,Used,Manual,Saloon,Petrol,1500.0,75584.0
6050000.0,Toyota,Passo,,2015,Used,Automatic,Hatchback,Petrol,1000.0,145000.0
5950000.0,Honda,N-WGN,,2015,Used,Automatic,MPV,Petrol,660.0,125000.0
575000.0,Mitsubishi,Lancer,Lancer,1984,Used,Manual,Station wagon,Petrol,1400.0,344400.0
9190000.0,Toyota,Axio,G Grade,2014,Used,Automatic,Saloon,Hybrid,1500.0,48000.0
4000000.0,Nissan,Sunny,FB15,1999,Used,Automatic,Saloon,Petrol,1500.0,249000.0
8635000.0,Honda,Fit,Gp 5 S Grade,2016,Used,Automatic,Hatchback,Hybrid,1500.0,120000.0
8980000.0,Toyota,Axio,G Grade,2014,Used,Automatic,Saloon,Hybrid,1500.0,212000.0
169000000.0,Aston Martin,Other Model,DB11 GT Coupe 4000cc,2018,Used,Automatic,Coupé/Sports,Petrol,4000.0,20000.0
4200000.0,Toyota,Hilux,,1993,Used,Manual,SUV / 4x4,Diesel,2800.0,45000.0
1050000.0,Mitsubishi,Lancer,C12A,1984,Used,Manual,Saloon,Petrol,1468.0,200000.0
10900000.0,Hyundai,Creta,Sx,2017,Used,Automatic,SUV / 4x4,Petrol,1599.0,37000.0
7850000.0,Toyota,Vitz,Edition 2,2018,Used,Automatic,Hatchback,Petrol,1000.0,92000.0
925000.0,Daihatsu,Charade,,1985,Used,Manual,Hatchback,Diesel,900.0,100000.0
13175000.0,Toyota,CHR,NGX10,2017,Used,Automatic,Saloon,Petrol,1190.0,92200.0
2950000.0,Nissan,Sunny,Nissan SB14 1999,1999,Used,Manual,Saloon,Diesel,1970.0,245874.0
1500000.0,Hyundai,Sonata,,1997,Used,Manual,Saloon,Petrol,1997.0,99990.0
6500000.0,Honda,Civic,FD1,2008,Used,Automatic,Saloon,Petrol,1800.0,208600.0
11475000.0,Toyota,Axio,WXB,2017,Used,Automatic,Saloon,Hybrid,1496.0,116000.0
5550000.0,Toyota,Vitz,,2007,Used,Automatic,Saloon,Petrol,1300.0,115000.0
12975000.0,Toyota,CHR,NGX10,2018,Used,Automatic,Hatchback,Petrol,1190.0,112000.0
4000000.0,Suzuki,Liana,,2004,Used,Manual,Saloon,Petrol,1328.0,145300.0
3850000.0,Suzuki,Alto,Suzuki,2016,Used,Manual,Hatchback,Petrol,800.0,69825.0
7100000.0,Toyota,Axio,X Grade,2009,Used,Automatic,Saloon,Petrol,1500.0,191000.0
1480000.0,Mitsubishi,Lancer,lancer,1989,Used,Manual,Saloon,Petrol,1300.0,302400.0
14600000.0,Jaguar,XF,,2013,Used,Automatic,Saloon,Diesel,2200.0,170000.0
9000000.0,Toyota,Axio,2016,2016,Used,Automatic,Saloon,Petrol,1390.0,95000.0
13700000.0,Toyota,Hilux,Revo,2017,Used,Automatic,SUV / 4x4,Diesel,3000.0,43000.0
9900000.0,Land Rover,Freelander,,2010,Used,Automatic,,Diesel,2200.0,117500.0
6295000.0,Suzuki,Wagon R,,2018,Used,Automatic,Hatchback,Hybrid,660.0,145000.0
5000000.0,Toyota,Passo,,2007,Used,Automatic,,Petrol,1000.0,155000.0
5975001.0,Suzuki,Wagon R FX,Non Safety,2018,Used,Automatic,Hatchback,Hybrid,650.0,78195.0
5825000.0,Suzuki,Wagon R FX,Safety,2017,Used,Automatic,Hatchback,Hybrid,650.0,97246.0
6090000.0,Suzuki,Wagon R FX,Safety,2017,Used,Automatic,Hatchback,Hybrid,650.0,82699.0
6790000.0,Suzuki,Wagon R FZ,Safety,2018,Used,Automatic,Hatchback,Hybrid,650.0,76470.0
11000000.0,Honda,Vezel,Orange Pack,2015,Used,Automatic,Hatchback,Hybrid,1500.0,120000.0
15500000.0,Toyota,Yaris Cross,2023,2023,Used,Automatic,Hatchback,Petrol,1490.0,39901.0
17000000.0,Mini,Clubman,,2017,Used,Automatic,,Petrol,1499.0,130000.0
2200000.0,Suzuki,Maruti,,2007,Used,Manual,,Petrol,800.0,132000.0
13550000.0,Mitsubishi,Montero,SPORTS,2011,Used,Automatic,SUV / 4x4,Diesel,2500.0,140000.0
13550000.0,Toyota,Land Cruiser Prado,120 DIESEL,2005,Used,Manual,SUV / 4x4,Diesel,3000.0,135000.0
13800000.0,Toyota,Raize,2025,2025,Used,Automatic,Hatchback,Hybrid,1200.0,625.0
27500000.0,BMW,X5,M Sport,2016,Used,Automatic,SUV / 4x4,Hybrid,2000.0,85000.0
8200000.0,Volkswagen,Jetta,2013,2013,Used,Automatic,Saloon,Petrol,1400.0,90000.0
4400000.0,Perodua,Viva Elite,,2013,Used,Automatic,Hatchback,Petrol,1000.0,128000.0
2300000.0,Nissan,Bluebird,,1993,Used,Automatic,Coupé/Sports,Petrol,1830.0,234700.0
17500000.0,Mercedes Benz,S350,,2009,Used,Automatic,Saloon,Petrol,3500.0,100000.0
9500000.0,Toyota,Prius,Prius W30,2012,Used,Automatic,Saloon,Petrol,1800.0,133000.0
2425000.0,Suzuki,Maruti,800,2012,Used,Manual,Hatchback,Petrol,796.0,56000.0
28000000.0,Mercedes Benz,C200,AMG Line,2019,Used,Automatic,Saloon,Petrol,1500.0,40000.0
2800000.0,Ford,Mondeo,,2003,Used,Automatic,Saloon,Petrol,2000.0,45000.0
6100000.0,Toyota,Wigo,,2017,Used,Automatic,,Petrol,1000.0,126000.0
6500000.0,Toyota,Yaris,,2009,Used,Manual,Saloon,Petrol,1300.0,77999.0
3900000.0,Maruti Suzuki,Alto,Suzuki,2015,Used,Manual,Hatchback,Petrol,800.0,66800.0
1600000.0,Suzuki,Maruti,800,1998,Used,Manual,Hatchback,Petrol,800.0,100000.0
6500000.0,Toyota,Prius,2nd Gen,2010,Used,Automatic,Saloon,Petrol,1500.0,186190.0
8900000.0,Toyota,Vitz,Edition 02,2018,Used,Automatic,Hatchback,Petrol,900.0,36000.0
36500000.0,Land Rover,Defender,,2015,Used,Manual,SUV / 4x4,Diesel,2200.0,81000.0
13880000.0,Honda,Vezel,Full option,2013,Used,Automatic,Hatchback,Hybrid,1500.0,232000.0
11500000.0,Toyota,Prius,3rd Generation,2013,Used,Automatic,Saloon,Hybrid,1800.0,180000.0
12200000.0,Honda,Civic,SR V-Tec,2017,Used,Automatic,Hatchback,Petrol,1000.0,26645.0
